[-2.316633,0.9376695],
[13.953755,-25.469213],
[15.546424,-23.003359],
[35.987186,-21.565155],
[33.725815,-22.071283],
[16.172009,-27.680506],
[-15.101466,-33.825703],
[90.75228,-5.5342774],
[22.410822,-11.240599],
[-15.775769,-26.817297],
[7.685151,-96.90582],
[-84.15894,26.466925],
[-86.30972,-1.5496274],
[-72.90431,-14.775456],
[-4.167396,-54.328705],
[95.94762,10.853808],
[-42.101032,-71.79428],
[34.182194,-21.514769],
[12.654113,-37.11119],
[-64.03479,-17.112772],
[-73.18449,-43.375313],
[-68.18125,-36.840977],
[-55.00208,5.259596],
[-44.415543,-59.998013],
[-56.25617,10.3116255],
[34.182194,-21.514769],
[33.725815,-22.071283],
[93.18424,-6.219228],
[77.93489,-17.744848],
[98.63028,9.222277],
[-52.95878,-9.186192],
[-42.47305,-55.59329],
[-72.90431,-14.775456],
[-12.782495,-29.331001],
[40.422115,-15.117224],
[-83.66016,-12.354915],
[-0.2500529,-43.548264],
[-82.59519,20.225914],
[25.883036,-36.171726],
[34.182194,-21.514769],
[34.182194,-21.514769],
[34.182194,-21.514769],
[-46.107685,-69.48947],
[31.842415,-45.473312],
[40.422115,-15.117224],
[31.842415,-45.473312],
[-1.6804665,-15.0838375],
[40.575172,-13.282115],
[22.328247,-13.333594],
[19.623693,-17.367878],
[34.182194,-21.514769],
[16.172009,-27.68052],
[92.478065,-4.9533663],
[5.469204,-95.97967],
[40.059483,-13.5547495],
[2.0933347,-54.437138],
[31.842415,-45.473312],
[-3.4589033,-4.9730196],
[5.4289165,-32.08074],
[16.152298,-22.055769],
[-67.141556,-27.665154],
[-12.782589,-29.330833],
[40.422115,-15.117224],
[40.422115,-15.117224],
[-81.40798,-9.4465685],
[40.575172,-13.282115],
[40.575172,-13.282115],
[-84.56841,25.671772],
[-80.67856,27.87685],
[40.575172,-13.282115],
[41.055603,-13.603422],
[33.68517,-80.41714],
[-4.1949806,-63.92778],
[-84.15894,26.466925],
[-40.03528,-23.54178],
[-84.295265,-8.69657],
[-61.06434,54.179955],
[-36.049816,-21.313702],
[40.575172,-13.282115],
[-53.3492,-34.496532],
[4.2757998,-99.14897],
[6.022379,-98.43458],
[-3.4589002,-4.9730225],
[-87.229164,-2.4735956],
[-47.673504,-66.455956],
[84.97805,26.41172],
[89.98126,20.624483],
[-42.372616,-40.5215],
[-63.298973,-63.10319],
[-6.9075327,-48.659264],
[61.036087,65.55255],
[5.4289165,-32.080738],
[-12.4004545,-86.632286],
[-3.59415,-54.118942],
[87.39683,26.796375],
[13.771225,-39.725838],
[14.0773535,-23.815744],
[4.492011,-32.43046],
[-2.3166428,0.9376536],
[28.575947,8.411462],
[35.390224,-23.041662],
[29.748558,7.944538],
[91.63835,-4.9884405],
[4.476987,-32.41667],
[-6.084263,-36.3472],
[26.423864,-39.337765],
[12.266734,6.7372875],
[-42.97247,-75.17101],
[87.39683,26.796375],
[-17.718222,-28.497114],
[-68.92203,-4.9893537],
[-12.029738,-84.909195],
[-57.024155,22.29398],
[13.944159,25.728046],
[28.483116,-84.22546],
[-35.53334,-20.55789],
[10.259277,-38.835102],
[-39.612442,6.364823],
[35.390224,-23.041662],
[92.19777,-5.903674],
[14.00969,-25.520386],
[-12.439735,6.8803153],
[2.0131211,-31.24534],
[-31.715927,2.8880012],
[34.670616,-76.70712],
[31.842415,-45.473312],
[-77.82044,30.423037],
[80.97538,22.346516],
[-14.139816,-7.7736983],
[34.70503,-18.52844],
[-14.26027,-0.63375956],
[-17.390509,-17.613478],
[50.71469,-47.467236],
[4.1424584,-39.664146],
[-59.95295,56.853806],
[14.0773535,-23.815744],
[-14.465058,-5.6546416],
[94.35206,6.6852083],
[-3.650828,-54.902225],
[-88.01936,-20.382809],
[-72.10289,-29.155087],
[35.03294,-19.394205],
[34.489655,-19.096006],
[4.142777,-39.664246],
[4.492054,-32.43038],
[-2.317,0.9382332],
[35.73179,-22.77298],
[35.51677,-22.950869],
[26.42258,-39.337597],
[19.003595,-64.44271],
[30.129715,-20.739075],
[18.111084,-72.570114],
[52.729042,-42.274216],
[-0.61420834,-45.25805],
[26.155773,-67.4097],
[14.009692,-25.520388],
[-12.141115,-50.471344],
[-40.792572,-66.220345],
[35.32941,-19.174902],
[13.77128,-39.726196],
[35.721886,-22.7725],
[53.074947,-42.989853],
[-57.64799,14.970259],
[-14.276471,-70.99678],
[-56.94766,-20.344158],
[84.97805,26.41172],
[90.33223,30.22095],
[20.615482,-64.9793],
[53.667953,-53.304733],
[14.466393,-39.21713],
[46.630886,-46.018806],
[8.997283,-36.89541],
[91.09497,-6.5265474],
[66.33349,-25.174824],
[-11.365055,-83.37347],
[-88.01936,-20.382809],
[64.42615,59.64398],
[13.137551,-36.34129],
[-14.139873,-7.773699],
[35.332375,-19.168966],
[35.05255,-18.606401],
[50.71469,-47.467236],
[53.523777,-42.366875],
[52.729042,-42.274216],
[-14.541547,-5.532918],
[-60.671246,58.762093],
[5.8993907,-96.475044],
[-7.6575203,-37.53751],
[76.442856,-21.244959],
[-67.14144,-27.664751],
[-40.285072,10.797217],
[-10.04015,-33.653446],
[35.05255,-18.606401],
[34.489655,-19.096006],
[34.489655,-19.096006],
[-14.260267,-0.63375956],
[-43.729065,-24.088856],
[-64.76772,-69.407646],
[-66.98433,-31.34198],
[-12.4004545,-86.632286],
[64.09942,-25.695263],
[-15.388851,-5.7014756],
[19.003597,-64.4435],
[20.46926,-73.12839],
[13.627511,-21.341026],
[7.859297,-42.36759],
[-22.650167,7.867011],
[1.5618954,-36.096107],
[52.147903,-46.065044],
[25.488977,67.7503],
[52.729042,-42.274216],
[53.074947,-42.989853],
[55.90911,-25.491358],
[-80.95999,-14.35612],
[-78.83759,-11.932138],
[81.20832,22.715897],
[53.523777,-42.366875],
[52.729042,-42.274216],
[53.523777,-42.366875],
[-0.6141522,-45.258442],
[26.15577,-67.40991],
[-74.41049,-21.697716],
[-17.844568,-46.145195],
[-64.09863,-10.677802],
[11.700997,-14.729762],
[-30.80335,-8.40069],
[-14.806779,-38.63413],
[-87.229164,-2.4735956],
[1.5619268,-36.0964],
[-27.167562,-11.717624],
[-14.535131,-2.8016276],
[-13.6311865,-17.140337],
[18.982822,52.341522],
[15.709414,-34.299816],
[14.462631,-22.583326],
[-33.60938,75.34146],
[-27.780107,11.940163],
[30.009272,-81.6715],
[-70.52412,-41.947903],
[-79.64313,-4.28536],
[-67.14158,-27.665243],
[-43.870922,-38.576492],
[23.411434,52.381653],
[24.402906,-8.744773],
[-10.100098,2.5717318],
[10.609705,-14.9920845],
[0.7672614,-42.1221],
[92.19777,-5.903674],
[13.627512,-21.341024],
[14.998858,-22.551058],
[-13.054214,-28.947424],
[-14.882296,-5.466806],
[13.213633,-76.813835],
[35.83103,-18.2951],
[22.730145,-37.47664],
[-31.421743,3.7999613],
[-2.5184374,-43.140522],
[-61.5781,-19.857155],
[-65.75265,-28.20282],
[95.42491,10.530533],
[7.859077,-42.367607],
[14.462631,-22.583324],
[-28.438345,-10.727225],
[19.983265,57.64579],
[25.510607,-59.79625],
[-59.9833,-24.265985],
[-70.89579,-41.507168],
[-61.297707,-19.527409],
[-34.61062,-22.905226],
[93.062035,-5.4502187],
[-74.66128,6.860235],
[23.41144,52.381668],
[-41.164818,-8.732873],
[60.206543,63.94315],
[15.709415,-34.30019],
[-7.499739,2.0652733],
[59.42323,-22.991468],
[-3.0795803,-33.630955],
[-12.020738,-1.242019],
[25.26021,66.84502],
[5.469204,-95.97967],
[-10.100082,2.571731],
[10.255383,-38.831295],
[-41.563393,-9.247292],
[-27.167562,-11.717624],
[20.26774,57.859344],
[59.423023,-22.991669],
[-3.728253,-10.686305],
[-14.135885,-0.6794223],
[-8.177046,-39.749123],
[-33.60938,75.34146],
[-57.64791,14.970253],
[-52.620438,-20.682255],
[86.253914,23.930847],
[-74.81413,-44.802605],
[-73.83163,-8.040464],
[-3.3709974,-31.484457],
[77.69542,-21.555449],
[-14.509392,-39.1621],
[-90.697685,27.95601],
[37.31384,-79.43945],
[97.38202,14.872434],
[-17.390509,-17.613478],
[-14.882318,-5.4667807],
[-28.438345,-10.727225],
[-57.741005,22.01449],
[-43.143276,-60.78699],
[-45.841824,-59.594444],
[-2.7393005,-45.48412],
[66.76451,-26.516638],
[-39.612442,6.364823],
[-30.80335,-8.40069],
[5.9990025,-98.98858],
[-45.60421,-59.527405],
[53.012012,-51.982807],
[43.44659,-18.072762],
[-6.274902,-30.544636],
[-6.2033496,-34.09282],
[-8.401288,14.468144],
[-55.00208,5.259596],
[-6.548286,-39.895844],
[57.67654,-25.345228],
[-63.119034,-10.813226],
[44.524693,-16.882093],
[91.09497,-6.5265474],
[37.01829,-18.679897],
[-6.2246947,-39.3108],
[-87.015724,-12.192181],
[-22.720985,-35.11531],
[-63.298973,-63.10319],
[44.674274,-18.11372],
[43.991085,-18.583378],
[-6.2750363,-30.544672],
[-6.2035127,-34.092686],
[-12.621601,6.940649],
[-8.093642,7.9483376],
[-74.24688,-21.0115],
[-42.47937,-55.545055],
[94.03178,24.362888],
[-72.10289,-29.155087],
[-0.045692068,7.173995],
[-13.900935,21.653437],
[-41.642967,-47.48986],
[-46.107685,-69.48947],
[-56.545696,-23.979883],
[44.524693,-16.882093],
[44.093178,-16.504303],
[-5.4655175,8.812028],
[8.82571,-40.33485],
[18.816338,-73.09326],
[54.53618,-51.705235],
[4.2073216,-40.098034],
[-2.583191,-39.258236],
[-58.75006,57.539856],
[-3.370991,-31.48448],
[-13.688083,-17.123283],
[48.281555,-47.679012],
[77.69542,-21.555449],
[96.53019,15.515676],
[43.991085,-18.583378],
[43.44659,-18.072762],
[43.991085,-18.583378],
[44.674274,-18.11372],
[-10.5255165,-83.31317],
[-56.507904,23.469831],
[-12.558318,-4.416251],
[-19.982214,21.036633],
[-12.558326,-4.416253],
[35.313267,-17.321236],
[47.79348,-46.114918],
[-3.1304045,-33.597187],
[36.836136,-10.657236],
[-61.906498,-1.5524669],
[26.34767,67.44138],
[-87.229164,-2.4735956],
[-13.688083,-17.123283],
[48.28265,-47.67964],
[-18.674751,-5.082216],
[-18.397573,-5.311459],
[20.583323,-16.11246],
[-61.255203,57.902832],
[50.629772,-45.72325],
[50.72335,-45.01704],
[-17.992376,-1.4659147],
[-18.296366,-5.3615394],
[48.476303,-45.92681],
[20.687569,-64.81043],
[66.91016,-26.024792],
[-71.96251,-42.76793],
[34.59402,-80.17337],
[-57.91023,25.513369],
[-13.900964,21.653706],
[43.825382,-16.941753],
[43.825382,-16.941753],
[43.459534,-16.91101],
[-9.003554,-8.933965],
[58.05344,14.563929],
[-8.119684,-4.5214853],
[-12.55829,-4.416291],
[-22.720985,-35.11531],
[-66.98433,-31.34198],
[26.594105,-69.153336],
[-67.73455,-36.85605],
[37.047184,-11.195464],
[37.047184,-11.195464],
[-31.715927,2.8880012],
[-18.397478,-5.3114877],
[-82.597885,20.232752],
[-45.870556,-67.87845],
[-64.03479,-17.11243],
[-45.870556,-67.87845],
[-45.605846,-59.52866],
[43.991085,-18.583378],
[44.674274,-18.11372],
[-2.4225862,7.345622],
[25.740175,-72.5895],
[-29.85248,-9.724217],
[48.58566,-49.05499],
[-0.9639685,58.596996],
[23.767412,54.779747],
[22.5755,-11.377717],
[23.43271,53.630527],
[-19.78538,-42.28554],
[-55.662117,-48.462643],
[-52.89383,-20.572693],
[-12.4004545,-86.632286],
[37.047184,-11.195464],
[37.047184,-11.195464],
[37.047184,-11.195464],
[36.836136,-10.657236],
[92.19777,-5.903674],
[83.92828,25.415094],
[-43.729065,-24.088856],
[-80.14973,27.886423],
[20.58323,-16.11242],
[24.360435,-8.81235],
[-59.602917,58.40305],
[-29.85248,-9.724217],
[-84.295265,-8.69657],
[-30.80335,-8.40069],
[-87.18518,-1.541328],
[18.816338,-73.09326],
[-74.24688,-21.0115],
[-43.90398,-59.755543],
[-7.422719,7.726887],
[35.23531,10.045378],
[29.787458,8.153572],
[-75.95243,7.5753617],
[39.118248,-9.51472],
[-74.66128,6.860235],
[-89.69207,27.351381],
[-73.452736,26.224813],
[29.787779,8.153216],
[-5.9353695,-2.1035726],
[51.001842,-45.745647],
[22.43782,-37.49524],
[-54.310932,-64.58986],
[-58.780643,25.306221],
[38.10696,-71.67329],
[-87.01587,-12.192177],
[-40.03528,-23.54178],
[-10.998284,-55.81492],
[12.0459,6.071859],
[-0.46487495,9.423324],
[29.787785,8.153177],
[50.37763,-46.23203],
[47.62817,-52.55425],
[7.9083714,-40.43521],
[-17.390509,-17.613478],
[22.4377,-37.495262],
[36.364586,-87.48668],
[-72.10289,-29.155087],
[-41.563393,-9.247292],
[16.883732,25.491316],
[-7.9714365,-26.07605],
[47.473785,-49.400497],
[32.85273,-67.46132],
[29.787804,8.153163],
[45.997414,-47.890182],
[-8.024405,-3.2082593],
[25.883036,-36.171726],
[-75.03797,-45.447617],
[-43.952946,-59.634354],
[-30.80335,-8.40069],
[39.29578,-9.7527485],
[39.29578,-9.7527485],
[-9.150162,-8.526721],
[50.224445,-49.745758],
[-4.784945,-5.741061],
[48.92737,-48.969215],
[49.350986,-46.513683],
[-9.558119,-7.881651],
[-33.91501,74.526115],
[-5.9353886,-2.1035953],
[-13.255221,-85.93162],
[-40.546463,-11.733738],
[89.20793,9.4022255],
[-86.47747,-2.3335989],
[-6.0760407,-39.64798],
[91.63835,-4.9884405],
[39.118248,-9.51472],
[39.29578,-9.7527485],
[78.02838,-19.779991],
[-11.365055,-83.37347],
[-56.94766,-20.344158],
[-64.22195,-3.5986962],
[30.898853,-45.766487],
[-73.83163,-8.040464],
[-8.315757,-43.77535],
[-4.553668,10.232622],
[23.601728,-13.216905],
[-6.2600284,-48.200676],
[57.01753,62.57615],
[50.224445,-49.745758],
[-9.003554,-8.933965],
[25.506609,-59.785168],
[16.152298,-22.055769],
[-40.546463,-11.733738],
[33.753986,-76.48138],
[-80.49648,-11.340214],
[94.2891,9.774335],
[57.57283,-26.05579],
[-80.67082,-10.200247],
[32.8527,-67.46175],
[26.143387,-65.65998],
[1.7886053,-48.672024],
[-82.92248,24.728102],
[-11.748609,-54.980034],
[36.388542,-87.009224],
[-74.872116,23.366665],
[23.601728,-13.216905],
[-50.181305,-63.811493],
[50.688705,-46.992756],
[48.83104,-52.193787],
[11.468018,-15.356399],
[12.948201,-40.36839],
[49.084312,-47.228184],
[25.488977,67.7503],
[-5.0326653,-64.03276],
[59.194714,-27.211704],
[95.3263,6.795381],
[-58.780643,25.306221],
[-43.68038,-58.04997],
[-85.43405,30.998358],
[77.76458,-22.779924],
[-67.95375,-14.132502],
[-76.289444,34.006283],
[-20.164639,-70.407684],
[-44.14383,-75.389366],
[-47.644035,-65.527954],
[-56.919586,23.655123],
[17.065031,-24.543234],
[-37.871353,-15.394883],
[-65.62976,-15.764146],
[-86.671486,-19.870802],
[-78.36238,31.033594],
[-41.991974,10.251917],
[30.898853,-45.766487],
[-6.5055614,-8.221532],
[65.715256,-25.288263],
[-31.421743,3.7999613],
[48.831074,-52.193787],
[-10.998284,-55.81492],
[5.469204,-95.97967],
[49.438847,-43.320774],
[48.07603,-52.351875],
[-7.7794747,-36.89587],
[27.44767,-77.93238],
[-33.60938,75.34146],
[49.084312,-47.228184],
[63.377357,61.270668],
[-61.032284,-19.871151],
[45.39559,-39.956974],
[52.108727,-48.757374],
[3.611803,-44.009426],
[76.95831,-22.43775],
[-60.63931,-65.94236],
[36.986023,-78.40736],
[28.387661,-83.17815],
[60.465504,63.77725],
[17.065033,-24.543268],
[-24.752136,-49.981716],
[-14.964551,-38.802135],
[-46.67884,-69.296875],
[-5.395851,-5.8583703],
[-3.9382665,15.614529],
[-59.95295,56.853806],
[12.947875,-37.126724],
[-6.505616,-8.221502],
[27.447668,-77.9322],
[52.16921,-48.89187],
[25.483248,-59.394836],
[-60.52327,57.898148],
[32.035088,-77.16031],
[-63.855976,-62.731644],
[-5.395855,-5.8583617],
[-84.295265,-8.69657],
[-44.166664,-60.102356],
[25.740465,-41.98835],
[13.779132,-19.912186],
[-65.52957,-15.9794855],
[-54.840916,-48.641926],
[-7.7795463,-36.895817],
[45.08792,-40.13464],
[-90.48149,27.00126],
[-22.720985,-35.11531],
[-54.10518,-8.697146],
[96.53019,15.515676],
[46.182568,-40.615147],
[-17.390509,-17.613478],
[34.198193,-40.298077],
[26.594105,-69.153336],
[45.39559,-39.957012],
[-83.66466,31.386322],
[-60.088566,-66.71308],
[-89.956665,28.739746],
[4.2757998,-99.14897],
[-69.38359,25.62901],
[-17.844568,-46.145195],
[29.477968,-40.491417],
[64.03338,60.714817],
[45.08778,-40.134163],
[17.283758,25.869417],
[45.93569,-48.012604],
[4.6711235,-44.173008],
[-87.01587,-12.192177],
[33.10447,-73.054184],
[-65.84379,-28.38952],
[-42.21644,11.31748],
[-35.347836,-23.093445],
[15.280217,28.080843],
[50.47427,-48.354145],
[-33.60938,75.34146],
[-6.804852,-64.57679],
[-55.662117,-48.462643],
[-12.141115,-50.471344],
[-40.792572,-66.220345],
[-7.939151,0.109444454],
[46.22004,-52.422657],
[13.881834,25.533634],
[5.65666,-98.170944],
[-5.1384892,-45.402683],
[-1.1031952,-16.34536],
[50.47427,-48.354145],
[17.949865,-72.83283],
[78.94179,-21.647587],
[-93.87123,-12.910423],
[-64.70541,26.398935],
[-31.02233,-7.5601163],
[-41.563393,-9.247292],
[46.219864,-52.422523],
[-70.52412,-41.947903],
[-42.81425,-45.647865],
[-72.90431,-14.775456],
[-36.06433,-32.104443],
[31.317703,-75.83466],
[-90.48149,27.00126],
[17.949865,-72.83283],
[91.44552,15.964492],
[-78.13724,-12.11631],
[-1.8682957,-41.77457],
[15.610374,25.819803],
[66.606125,-25.356289],
[-5.0642867,-42.176594],
[-64.76772,-69.407646],
[-35.23528,-20.78479],
[13.267409,-36.600647],
[34.198193,-40.298077],
[-27.284964,12.332967],
[11.468018,-15.356399],
[-70.89579,-41.507168],
[-50.68742,-68.37477],
[-1.8939263,-43.22295],
[19.98673,-66.483025],
[22.785952,-73.84355],
[19.919296,-75.06458],
[19.386946,22.931322],
[-8.193148,-37.158497],
[-9.008909,0.15636164],
[34.48415,-80.76451],
[28.419577,-70.677475],
[-9.829984,-37.04578],
[2.0570133,-31.258526],
[26.139223,66.34372],
[-60.95193,-14.440071],
[-23.77032,-48.96332],
[57.57283,-26.05579],
[-13.255221,-85.93162],
[-65.97472,-16.454088],
[-9.829959,-37.045372],
[-79.12085,25.809673],
[19.108423,-72.57897],
[-8.8455305,-37.849182],
[15.610374,25.819803],
[94.61406,7.0863094],
[89.20741,9.402222],
[58.68378,62.052914],
[86.49708,22.650915],
[-40.462482,6.286124],
[-73.18449,-43.375313],
[-1.8922966,-43.22143],
[-59.929005,-21.798586],
[-69.383354,25.62868],
[85.39391,23.22532],
[57.01753,62.57615],
[-6.176153,-48.49958],
[19.386946,22.931322],
[33.92328,-77.036064],
[-56.87825,23.664001],
[-67.657326,-4.896172],
[-35.354908,-21.148594],
[37.305096,-86.6414],
[87.64877,20.022842],
[23.653357,-63.442894],
[22.683249,-73.788635],
[52.866127,-52.53077],
[-44.765354,-66.69848],
[-6.323861,6.5361395],
[19.386946,22.931322],
[-79.12081,25.808357],
[-69.38359,25.62901],
[10.290291,-78.35057],
[-50.915234,-56.283585],
[-40.03528,-23.54178],
[-74.03418,26.544949],
[9.1121025,-49.61979],
[33.10447,-73.054184],
[-48.834003,-65.5629],
[96.0081,14.84648],
[19.108423,-72.57897],
[-47.673504,-66.455956],
[-44.14383,-75.389366],
[-42.689323,10.451292],
[-14.276471,-70.99678],
[-26.579657,-55.900265],
[-14.809967,-69.34933],
[57.572777,65.14796],
[7.685151,-96.90582],
[86.253914,23.930847],
[-8.519613,-44.40962],
[-80.95999,-14.35612],
[-42.689323,10.451292],
[-19.769346,-41.879646],
[31.645088,-71.83381],
[-71.27486,-28.569973],
[-72.22496,3.879229],
[-24.954475,-49.35704],
[-44.14383,-75.389366],
[90.33223,30.22095],
[-15.193856,6.2771335],
[19.047092,-73.41055],
[-2.2238903,-36.905197],
[55.25401,-22.46132],
[87.14919,27.16212],
[-64.76772,-69.407646],
[-1.7793609,0.38899702],
[-10.998284,-55.81492],
[2.2519135,-48.454918],
[37.30628,-78.43004],
[96.775795,14.505919],
[-72.10289,-29.155087],
[-20.0125,21.046516],
[58.453804,17.359507],
[-17.390509,-17.613478],
[-2.2238886,-36.905457],
[-82.65932,26.651968],
[-50.915234,-56.283585],
[-58.780643,25.306221],
[89.98126,20.624483],
[-11.77747,10.869998],
[4.2894125,8.828114],
[59.58111,17.28579],
[-53.197105,-20.676582],
[58.75906,-27.706104],
[-79.23454,-3.5334814],
[-22.771553,7.0398684],
[9.057974,-41.8499],
[-31.421743,3.7999613],
[58.453804,17.359507],
[-1.8592267,-39.9607],
[2.0933347,-54.437138],
[-40.17825,-66.52028],
[-4.078418,-10.267723],
[10.182511,-44.146946],
[66.83891,-25.642134],
[-3.1332347,9.044381],
[4.289409,8.828114],
[64.03338,60.714817],
[-13.013364,3.8407416],
[8.583368,-39.72515],
[-44.325768,-59.48017],
[87.107086,17.461298],
[-30.80335,-8.40069],
[10.182505,-44.146954],
[-2.2811284,-19.743587],
[76.313774,-19.596611],
[-74.81413,-44.802605],
[84.97805,26.41172],
[-9.911494,-41.087223],
[-41.069187,-47.160393],
[83.65487,26.068266],
[-19.769342,-41.879646],
[8.584,-39.724976],
[12.275636,-36.593987],
[-65.74859,-28.189579],
[91.08563,-5.374341],
[63.67296,58.75888],
[-63.30352,-22.595846],
[-57.91023,25.513369],
[-2.1015282,-18.210682],
[7.9083714,-40.43521],
[16.152298,-22.055769],
[2.801388,-78.9646],
[57.57275,65.14793],
[-42.689323,10.451292],
[-76.63532,7.868779],
[0.64210165,-19.062061],
[-75.03797,-45.447617],
[-58.27297,27.805504],
[26.091925,-66.01646],
[59.582,17.285494],
[-13.045679,3.8444254],
[-10.884783,-47.19231],
[13.2219,25.7901],
[-43.37282,-76.130875],
[-8.058992,0.07631611],
[-54.581264,5.8312454],
[1.7886053,-48.672024],
[-82.65932,26.651968],
[-54.24551,-17.192404],
[-58.75006,57.539856],
[-2.211147,-13.20241],
[-57.647938,14.970258],
[-74.872116,23.366665],
[-74.872116,23.366665],
[-61.477104,54.785133],
[-20.164639,-70.407684],
[-2.5937054,-13.743426],
[-0.038850006,-35.40281],
[-34.94463,74.61046],
[0.95979446,-38.819107],
[-41.642967,-47.48986],
[-75.34375,33.658882],
[-9.913905,-41.08884],
[-69.178314,-37.99734],
[30.9536,-76.01148],
[-61.95996,-66.18634],
[-24.954475,-49.35704],
[31.421333,-77.583435],
[-2.2111406,-13.202471],
[-72.10289,-29.155087],
[-73.83163,-8.040464],
[-73.601654,-42.686985],
[-0.22425416,-41.381252],
[0.05279582,-18.10628],
[-44.14383,-75.389366],
[-52.97975,-35.571487],
[89.27062,14.111178],
[0.64210165,-19.062061],
[-2.469693,-12.381305],
[-0.51019084,-18.87061],
[26.594105,-69.153336],
[-35.347836,-23.093445],
[-82.59781,20.233364],
[58.829384,62.776287],
[-72.22496,3.879229],
[30.898853,-45.766487],
[-43.872322,-73.7589],
[-2.608123,-19.940542],
[1.4122922,-19.558998],
[4.7639804,-36.127766],
[-0.51019084,-18.87061],
[-59.9833,-24.265985],
[-9.993782,-40.944798],
[0.95991665,-38.81914],
[95.166916,6.1595902],
[77.004974,-19.181038],
[4.764036,-36.127792],
[-0.03874421,-35.40248],
[33.827835,-80.71863],
[60.625496,65.7125],
[-0.5137377,-18.017784],
[33.72099,-18.173067],
[-33.07714,-29.853243],
[11.700997,-14.729762],
[8.646901,-40.337143],
[-63.305603,-22.597387],
[94.2891,9.774335],
[-14.445131,-38.781948],
[-64.633,25.855494],
[-1.1169195,-19.051018],
[-41.763412,-39.153236],
[-2.8021243,-11.481285],
[15.491237,-73.295296],
[28.637596,-21.55327],
[-3.7606466,-10.586923],
[27.707365,33.401066],
[55.90911,-25.491358],
[-42.47305,-55.59329],
[-26.482168,-57.185684],
[-56.932987,-27.514544],
[25.26021,66.84502],
[-76.63532,7.868779],
[8.390641,-49.62584],
[-42.81425,-45.647865],
[-6.804852,-64.57679],
[-0.5137377,-18.017784],
[29.012617,-20.924086],
[29.186453,-21.814707],
[29.464033,-21.481033],
[28.898218,-21.789976],
[18.944666,-61.77754],
[-6.5735393,-6.804801],
[65.715256,-25.288263],
[-63.336487,-22.432577],
[-76.63532,7.868779],
[58.75906,-27.706104],
[-52.97975,-35.571487],
[28.545979,-21.286879],
[29.012617,-20.924086],
[-52.969288,-21.416842],
[-82.22726,25.392288],
[-83.66466,31.386322],
[-1.2611296,-18.653866],
[92.16075,-7.1370487],
[-60.671246,58.762093],
[-67.657326,-4.896172],
[84.97805,26.41172],
[-1.7178338,-39.8222],
[-46.67884,-69.296875],
[-2.8021243,-11.481285],
[-13.255221,-85.93162],
[4.2757998,-99.14897],
[17.763218,-68.89761],
[-80.95999,-14.35612],
[57.01753,62.57615],
[15.491268,-73.29733],
[29.465204,-21.471891],
[29.012617,-20.924086],
[13.388221,26.146828],
[-56.545696,-23.979883],
[13.799737,-24.698666],
[12.339087,-40.618523],
[10.609705,-14.9920845],
[58.75906,-27.706104],
[-34.41578,-29.785837],
[-56.705036,-20.617516],
[-68.18126,-36.84093],
[29.453867,-40.84757],
[-1.264065,-18.670315],
[58.68378,62.052914],
[-82.92248,24.728102],
[-14.276471,-70.99678],
[-11.291387,-47.218483],
[92.15568,15.80295],
[-6.3245997,-48.743595],
[-52.97975,-35.571487],
[13.213059,-36.931908],
[-1.135797,-17.795462],
[78.61449,-20.623804],
[91.09497,-6.5265474],
[-27.780107,11.940163],
[-72.10289,-29.155087],
[-61.776367,54.373653],
[-8.760763,-25.457176],
[-65.75257,-28.202614],
[-73.9946,24.563208],
[5.65666,-98.170944],
[-40.792572,-66.220345],
[-40.546463,-11.733738],
[88.56523,19.2579],
[-64.76772,-69.407646],
[-74.24688,-21.0115],
[-14.809967,-69.34933],
[-74.41049,-21.697716],
[58.087254,-25.605837],
[-4.1949806,-63.92778],
[38.10696,-71.67329],
[-43.729065,-24.088856],
[-68.71016,-38.549664],
[-1.135797,-17.795462],
[-76.648224,-16.478167],
[-58.27297,27.805504],
[2.7800062,-78.97096],
[-79.55967,-3.6838353],
[-55.1657,23.495455],
[18.465847,24.35986],
[13.305954,-76.76035],
[-2.9326897,-40.61523],
[-17.390509,-17.613478],
[-23.909883,-49.79389],
[-10.301051,-33.94482],
[58.087254,-25.605837],
[-93.36433,-12.477766],
[-4.8726783,-45.33491],
[31.973135,-71.90571],
[-43.872322,-73.7589],
[-64.633,25.855494],
[-61.342934,-66.97297],
[-14.866733,-34.26208],
[-87.320526,-19.783306],
[-57.1717,-20.597168],
[90.33223,30.22095],
[-11.002044,-55.092937],
[-53.3492,-34.496532],
[-42.97247,-75.17101],
[-73.38425,23.789913],
[8.757468,-50.260426],
[-1.1941189,-42.306225],
[-70.52412,-41.947903],
[19.758492,-70.46139],
[-21.980879,-35.119415],
[-80.76883,28.382822],
[81.423294,22.58386],
[13.305954,-76.76035],
[-64.26115,-3.2591093],
[-56.25617,10.3116255],
[-83.00137,-12.718448],
[-93.486,-13.407802],
[-24.098806,-48.8143],
[-54.581264,5.8312454],
[-5.286946,-44.790627],
[-5.8377023,6.020555],
[23.265377,-63.55937],
[20.799862,-72.8479],
[59.34118,-24.85332],
[-5.214118,-36.158985],
[-11.713634,-45.256134],
[-2.4812064,-21.28796],
[75.93645,-22.401062],
[-2.4808424,-21.287697],
[-5.214226,-36.158672],
[-11.713809,-45.256763],
[78.61449,-20.623804],
[-63.373722,-11.343678],
[-47.965157,-65.291214],
[-1.7152677,-41.75925],
[-67.657326,-4.896172],
[-43.872322,-73.7589],
[-84.295265,-8.69657],
[-53.3492,-34.496532],
[86.96157,18.0023],
[25.397173,-80.24152],
[-11.258988,-85.85332],
[-30.222878,-7.631986],
[13.564418,26.210049],
[0.2106998,-19.646938],
[78.94179,-21.647587],
[16.152298,-22.055769],
[-59.602917,58.40305],
[-44.325768,-59.48017],
[-34.872307,-22.730467],
[60.16819,-27.845644],
[-74.66128,6.860235],
[-37.869843,-15.782427],
[88.32984,20.470232],
[96.53019,15.515676],
[-28.25359,-7.9612646],
[-4.459348,-37.594227],
[-0.0064981263,-29.319828],
[-90.697685,27.95601],
[-22.720985,-35.11531],
[-93.21058,-13.191205],
[-40.286102,10.797226],
[-4.759265,6.995225],
[10.696157,-41.77548],
[23.348707,-70.84062],
[65.925804,-26.212852],
[-54.24716,-16.824915],
[-89.69207,27.351381],
[-61.06434,54.179955],
[-1.8682957,-41.77457],
[-53.3492,-34.496532],
[-54.563225,-16.59196],
[8.472872,8.928949],
[21.024931,-63.833927],
[1.4154274,-21.29787],
[8.8998575,-38.32087],
[21.875484,-62.63974],
[-31.715927,2.8880012],
[-55.662117,-48.462643],
[-28.25361,-7.9610825],
[-0.006498188,-29.319834],
[-54.581264,5.8312454],
[-74.72266,2.700056],
[-50.915234,-56.283585],
[-72.895744,-13.92997],
[-73.83163,-8.040464],
[-56.87825,23.664001],
[-17.718222,-28.497114],
[0.2107003,-19.646938],
[-94.098694,-13.520918],
[63.40777,59.039875],
[1.7397729,-54.534595],
[21.024317,-63.83386],
[21.875313,-62.63892],
[-64.633,25.855494],
[11.468018,-15.356399],
[55.90911,-25.491358],
[-2.6526258,-2.3127754],
[8.478084,-40.46913],
[76.752304,-22.0336],
[-13.255221,-85.93162],
[-10.981824,-83.98025],
[1.9071441,-54.21354],
[-40.792572,-66.220345],
[83.92828,25.415092],
[90.33223,30.22095],
[-6.804852,-64.57679],
[-61.06434,54.179955],
[26.594105,-69.153336],
[83.55068,25.579033],
[89.53976,13.48192],
[-24.954475,-49.35704],
[-40.33114,-23.006502],
[36.577034,-87.75139],
[-59.35263,-21.558733],
[-23.909883,-49.79389],
[34.567513,-76.965866],
[-67.73455,-36.85605],
[21.040491,-62.63214],
[17.707676,-73.063866],
[-25.513344,-26.014841],
[-8.874582,-35.130512],
[-33.751766,71.4083],
[-33.75167,71.40844],
[13.840352,-18.9135],
[-72.22496,3.879229],
[-9.153101,-25.895306],
[26.34767,67.44138],
[83.65487,26.068268],
[-44.16378,47.137306],
[-19.987242,56.315063],
[-20.23688,54.982048],
[20.470558,20.802595],
[-21.69914,59.301113],
[-2.930925,-16.332241],
[19.44675,-76.63927],
[-59.95295,56.853806],
[-72.98079,24.27716],
[13.840403,-18.91358],
[-55.74673,8.672803],
[32.035088,-77.16031],
[26.091925,-66.01646],
[34.060417,-79.91704],
[59.770603,-28.271904],
[36.602303,-78.95512],
[-61.342934,-66.97297],
[-43.140774,46.630577],
[-0.8506412,89.99384],
[-3.6340563,92.596405],
[-0.4443105,93.08125],
[-20.683586,56.046246],
[19.866411,-73.322655],
[52.643238,-51.89326],
[-22.311527,60.714718],
[-90.436615,28.81571],
[-78.5701,-10.994471],
[3.486843,99.6823],
[20.146772,-61.970837],
[1.4241785,-21.731787],
[-31.715927,2.8880012],
[-46.59739,-68.04419],
[-44.16378,47.137306],
[-44.16378,47.137306],
[20.470552,20.802593],
[-2.930925,-16.332241],
[-43.232944,44.705948],
[-21.678362,57.382957],
[76.442856,-21.244959],
[-41.05307,-58.550747],
[-45.84165,45.41974],
[-14.66545,0.8177395],
[-20.788761,58.030052],
[-35.521694,75.28415],
[-94.5897,-12.859702],
[2.9044762,99.95918],
[10.255406,-38.83039],
[-71.77358,-43.08643],
[-24.954475,-49.35704],
[-44.16378,47.137306],
[-43.140774,46.630577],
[-44.33447,45.812313],
[-21.58192,58.001377],
[-5.7535825,8.210656],
[15.6061,60.00363],
[-21.05775,62.670784],
[-0.8507621,89.993774],
[-0.85077596,89.99378],
[-20.68353,56.046566],
[-80.50802,-10.062061],
[-41.78724,10.590628],
[0.037303653,86.03108],
[-20.569592,63.21966],
[92.16075,-7.1370487],
[4.520604,-20.010876],
[-4.4943333,-20.719578],
[-17.390509,-17.613478],
[-69.159325,-38.50735],
[28.20303,-83.711716],
[3.4572215,100.37008],
[2.9044762,99.95918],
[3.2864075,101.00058],
[3.2864075,101.00058],
[-44.16378,47.137306],
[-43.140774,46.630577],
[-44.16378,47.137306],
[-20.236338,54.98244],
[19.446743,-76.63937],
[-44.33447,45.812313],
[3.9525375,100.98675],
[5.178405,97.84472],
[-19.725079,59.03718],
[6.3943267,-78.174034],
[1.5219183,94.7037],
[5.3077397,1.1123939],
[-27.243967,41.228428],
[26.7345,-70.82996],
[18.79149,-71.31613],
[-3.730655,-20.27739],
[2.2970831,-29.813213],
[26.529156,-84.144875],
[-27.914593,-41.037205],
[-22.190397,-42.472862],
[-49.918175,-16.999994],
[88.32984,20.470232],
[0.650352,85.26556],
[0.8781762,85.55562],
[7.7743587,99.81661],
[1.9204845,92.24186],
[-20.185572,56.71607],
[-23.445826,61.436966],
[50.68815,-46.388622],
[54.154125,-49.92355],
[77.24098,-20.403858],
[-20.788761,58.030052],
[9.31924,95.015015],
[-13.651956,36.342087],
[-4.0076523,7.0119123],
[9.264048,95.15529],
[5.6815457,-78.97561],
[7.3226695,97.330734],
[3.045607,-23.102043],
[30.216341,9.083935],
[-58.780643,25.306221],
[-41.798073,11.48522],
[-72.57681,-43.9978],
[-73.452736,26.224813],
[4.1799226,100.567024],
[3.7710774,99.81629],
[4.0908318,100.17478],
[9.273951,95.15492],
[-19.015705,56.56805],
[42.622635,-45.566166],
[26.899418,66.79567],
[-44.33447,45.812313],
[-44.33447,45.812313],
[-44.33447,45.812313],
[-8.262477,7.226781],
[5.846586,97.72318],
[5.728503,98.5151],
[-20.15951,59.244743],
[-20.15951,59.244743],
[-20.15951,59.244743],
[-2.0306695,107.0832],
[3.5268962,18.411251],
[20.562601,-62.62325],
[2.3164995,-21.07987],
[37.827938,-87.46337],
[-61.06434,54.179955],
[31.045654,-79.08554],
[-41.798073,11.48522],
[-3.6339743,92.594986],
[10.86178,61.258224],
[1.4333216,87.02587],
[31.566444,-37.642292],
[55.18265,-46.43752],
[-0.5129613,69.332634],
[-33.35568,70.29265],
[-15.321201,5.805535],
[19.4985,-76.99802],
[0.090663746,85.42581],
[0.586696,86.038895],
[-23.445826,61.436966],
[-84.56841,25.671772],
[-73.38425,23.789913],
[1.4241785,-21.731787],
[-14.276471,-70.99678],
[-33.484753,29.810339],
[6.6032414,8.608294],
[-44.33447,45.812313],
[-43.260612,45.712795],
[2.4719965,100.35065],
[5.728503,98.5151],
[5.728503,98.5151],
[5.5793257,97.5754],
[1.5219188,94.70368],
[20.562601,-62.62325],
[-1.5654472,104.70674],
[-35.212433,80.705414],
[-2.7018797,92.720634],
[5.7541513,-80.78158],
[-1.9756446,11.614062],
[-10.018637,18.15418],
[-19.172726,5.9210973],
[-6.9974275,4.467883],
[-21.488302,59.824688],
[-3.970932,89.624916],
[-36.56053,34.117672],
[2.45321,-41.58496],
[-73.9946,24.563208],
[-42.82466,11.458047],
[-77.82044,30.423037],
[-15.071014,6.5666566],
[-39.015663,34.216946],
[-2.2864614,102.53716],
[-3.2092144,93.36708],
[-7.1165214,12.734275],
[27.390633,-34.781467],
[-9.00513,9.646398],
[-21.91649,60.435936],
[-39.846565,34.25834],
[-0.4376275,90.27816],
[-7.9046874,5.834753],
[17.754284,24.397661],
[76.09736,-20.441156],
[-0.10660722,94.71745],
[-20.878115,61.560986],
[11.963948,6.1719346],
[-0.51300097,69.33258],
[-0.049780317,85.69551],
[0.31863022,86.17986],
[0.33653426,85.30349],
[-18.18033,-46.461674],
[-17.718222,-28.497114],
[-13.651956,36.342087],
[-13.652242,36.34205],
[5.829631,96.27493],
[7.843198,8.692391],
[53.668472,-53.305634],
[29.063751,-35.11195],
[51.644016,21.069653],
[-16.399265,-62.791546],
[-59.95295,56.853806],
[-32.470543,28.976257],
[-19.055843,55.014774],
[-26.391903,24.05447],
[-44.33447,45.812313],
[-44.33447,45.812313],
[2.6948335,100.77937],
[5.11805,98.31607],
[6.045647,97.99547],
[-3.7309115,-20.27726],
[2.2970831,-29.813213],
[-1.4975332,107.411896],
[-35.212433,80.705414],
[-34.643845,81.0618],
[-34.643845,81.0618],
[-35.212433,80.705414],
[-0.96259725,106.128296],
[-35.613686,31.666046],
[16.161858,23.047066],
[28.18504,33.78607],
[-0.41405538,58.91003],
[-39.015663,34.216946],
[-39.015663,34.216946],
[17.75428,24.397657],
[-66.98433,-31.341978],
[0.8329127,85.84304],
[-13.652242,36.34205],
[-61.06434,54.179955],
[18.104403,33.38562],
[20.470715,20.802786],
[-7.245964,-5.2463646],
[1.1500661,26.269564],
[5.178405,97.84472],
[-20.15951,59.244743],
[-2.0306695,107.0832],
[-2.0306695,107.0832],
[-2.0306695,107.0832],
[-35.228367,81.36502],
[-35.212433,80.705414],
[-0.9625963,106.128296],
[16.161945,23.046972],
[-59.110752,-21.769287],
[36.980865,-79.50918],
[25.167274,-80.08814],
[-8.760763,-25.457176],
[-4.293969,89.09624],
[-4.2626624,89.7177],
[-4.487947,89.58259],
[2.4521618,-41.58359],
[-0.10660722,94.71745],
[-0.10660722,94.71745],
[54.154125,-49.923546],
[-27.739128,-51.601498],
[-18.0002,-1.5075068],
[75.51363,-19.949402],
[42.622803,-45.56677],
[-35.234203,-29.897118],
[-73.18449,-43.375313],
[57.572784,65.14792],
[-60.63931,-65.94236],
[18.104403,33.38562],
[-2.0306695,107.0832],
[-19.172712,5.921135],
[-4.0118484,89.14234],
[-3.8777127,89.38468],
[-0.5129508,69.33262],
[15.403283,28.932966],
[-30.891333,72.69977],
[-3.2538013,7.086523],
[19.437473,-62.535507],
[3.9000218,-98.121284],
[51.063637,-46.44412],
[-31.421743,3.7999613],
[-56.94859,-27.761583],
[-77.82044,30.423037],
[-53.09672,-8.815001],
[-63.80309,-19.78451],
[-73.66141,-21.147799],
[18.104403,33.38562],
[18.104403,33.38562],
[-26.39211,24.054314],
[-34.643845,81.0618],
[-1.9755706,11.614163],
[-0.9625963,106.128296],
[-4.5142674,89.316536],
[-39.015663,34.216946],
[-27.098219,-15.447271],
[-0.10660722,94.71745],
[-87.320526,-19.783306],
[30.898853,-45.766487],
[18.104403,33.38562],
[-19.055845,55.014774],
[-0.9625963,106.128296],
[-4.1452775,94.144394],
[20.410742,-0.69841504],
[-17.390509,-17.613478],
[36.68469,-78.634415],
[8.390641,-49.62584],
[32.258514,-77.594406],
[-64.76772,-69.407646],
[28.185118,33.78608],
[-7.2340913,38.71574],
[-11.407824,35.912872],
[-0.7562047,3.2845044],
[-4.2826977,6.2887793],
[-7.62709,39.527462],
[1.0973027,70.5422],
[-36.686855,31.324377],
[-15.23186,11.673202],
[-21.998642,58.704685],
[55.74658,-46.683414],
[11.986562,6.070627],
[37.400215,-87.901306],
[-11.748609,-54.980034],
[-61.342934,-66.97297],
[-20.734598,57.062572],
[53.98429,-48.004787],
[-38.188873,35.726955],
[-5.591642,17.478907],
[21.484264,-70.90235],
[-37.32241,29.379654],
[-8.888732,8.181979],
[0.6581129,97.67871],
[-35.151245,35.715393],
[-5.871646,28.643185],
[20.641298,-0.37813324],
[25.26021,66.84502],
[-10.045834,-33.832256],
[-48.618065,-67.19657],
[-58.780643,25.306221],
[-41.991974,10.251917],
[18.546152,33.10392],
[18.104403,33.38562],
[-1.0059552,102.07962],
[1.117962,0.06372208],
[-5.775437,7.269714],
[-30.147003,21.630905],
[-25.00834,27.848125],
[-15.095748,61.52161],
[-3.2902296,24.709251],
[29.303045,-38.58809],
[55.29489,-49.73892],
[54.064354,-48.040802],
[-42.97247,-75.17101],
[-59.10497,-22.136097],
[-0.757471,3.2856195],
[-21.998642,58.704685],
[55.746708,-46.683372],
[-7.12701,3.5855904],
[-38.188873,35.726955],
[-37.673054,35.47467],
[-38.188873,35.726955],
[-37.322407,29.379147],
[-35.152264,35.715664],
[5.0454526,-98.13052],
[-52.97975,-35.571487],
[1.1179445,0.06370031],
[-87.320526,-19.783306],
[-73.452736,26.224813],
[37.400215,-87.901306],
[-82.65932,26.651968],
[53.98429,-48.004784],
[-37.878906,35.109806],
[33.10447,-73.054184],
[55.90911,-25.491358],
[-46.59739,-68.04419],
[88.56523,19.2579],
[-4.5704093,-64.90467],
[-30.154053,22.33417],
[-29.834345,19.009676],
[-0.8060701,39.768524],
[21.264088,1.2880633],
[77.24098,-20.403858],
[-4.8407273,8.25018],
[12.171326,60.169823],
[-26.356602,22.663862],
[10.249074,-3.6785107],
[15.74335,27.090858],
[-0.9335994,38.525578],
[-23.573563,28.89177],
[-33.430035,31.868847],
[13.780258,28.388638],
[-5.4399614,30.806108],
[53.340733,-51.588474],
[92.15568,15.80295],
[-81.57961,-10.190387],
[-7.62709,39.527462],
[-37.322407,29.379147],
[-0.10559897,-40.969574],
[-4.145283,94.1444],
[-26.356403,22.66339],
[17.095428,52.907276],
[-35.214985,31.255127],
[-7.3411837,-6.0870376],
[7.951082,96.966255],
[-0.9335994,38.525578],
[-1.2534763,38.64493],
[-1.2534763,38.64493],
[-27.939161,-51.255634],
[-11.407993,35.91276],
[-7.62709,39.527462],
[-7.62709,39.527462],
[-7.62709,39.527462],
[1.0973265,70.54204],
[-38.543736,35.49868],
[-37.87559,35.11074],
[60.625496,65.7125],
[90.33223,30.22095],
[-35.152264,35.715664],
[-35.151436,35.715717],
[-30.153887,22.33413],
[-29.833977,19.009733],
[-29.834343,19.009766],
[60.625496,65.7125],
[-17.931791,-46.747566],
[-12.582018,-42.15027],
[-35.21495,31.256657],
[-0.9335994,38.525578],
[-23.574043,28.891584],
[-23.573555,28.891773],
[29.303654,-38.587833],
[12.024502,26.111502],
[6.357128,-79.36954],
[-2.0821335,-14.668159],
[-66.22448,-16.275192],
[89.20765,9.402224],
[-56.25617,10.3116255],
[-29.834436,19.009636],
[-26.356602,22.663862],
[53.340733,-51.588474],
[-69.38359,25.629007],
[-2.676226,103.424416],
[17.85847,-73.82711],
[-47.965157,-65.291214],
[26.594105,-69.153336],
[-8.760763,-25.457176],
[-30.154024,22.333939],
[-33.46675,24.502058],
[-11.877073,34.32604],
[-4.4456935,5.5657024],
[-1.1521286,-14.520247],
[-1.2534763,38.64493],
[63.065624,60.379356],
[-77.90402,-11.400986],
[19.758562,-70.46185],
[-13.076656,33.034668],
[-2.676226,103.424416],
[85.89674,24.168446],
[-78.36238,31.033594],
[91.09497,-6.5265474],
[31.621943,-46.419857],
[1.7789258,96.99259],
[-30.951704,72.70771],
[-33.44102,36.52746],
[14.467394,22.761417],
[47.51507,-47.062603],
[-33.46675,24.502058],
[-33.46675,24.502058],
[-32.881756,24.978485],
[-32.881756,24.978485],
[-11.877073,34.32604],
[-12.291001,34.577637],
[-35.21498,31.255135],
[38.10696,-71.67329],
[-36.56311,29.500118],
[-30.376488,54.98717],
[15.906658,27.79034],
[-13.076656,33.034668],
[11.153983,29.127396],
[-40.774326,-6.1379747],
[-18.530592,53.11626],
[11.988425,-24.309328],
[-40.792572,-66.220345],
[-32.881756,24.978485],
[-33.46675,24.502058],
[95.483284,8.712496],
[-71.27486,-28.569973],
[-17.718222,-28.497114],
[95.50448,11.228849],
[11.153984,29.127468],
[-41.47934,-5.7587366],
[-40.774326,-6.1379747],
[11.988624,-24.309322],
[-3.1016204,103.69234],
[-30.951658,72.707375],
[-1.8360162,102.144966],
[9.569648,98.85127],
[-24.835373,41.345478],
[-12.280732,13.815585],
[-12.115042,1.5525119],
[16.55449,-28.544794],
[3.3037653,-19.900269],
[58.088455,14.356769],
[14.484414,-39.81003],
[75.391136,-21.469141],
[-50.19292,-63.79633],
[-5.2660465,-41.549908],
[-81.49089,-11.493312],
[-12.581849,-42.150005],
[-32.881756,24.978485],
[-33.46675,24.502058],
[-12.291001,34.577637],
[-11.877073,34.32604],
[-57.627903,22.6275],
[-74.41049,-21.697716],
[-11.291387,-47.218483],
[12.638896,-36.266216],
[-29.808908,54.62395],
[-29.679605,55.08563],
[-30.084204,54.524254],
[15.880512,27.774185],
[-41.448402,-6.377072],
[17.85847,-73.82711],
[-17.575214,-46.428223],
[14.467394,22.761417],
[3.3037653,-19.900269],
[3.3037653,-19.900269],
[-12.329649,34.265842],
[88.83988,13.5787115],
[-83.66016,-12.354915],
[92.15568,15.80295],
[-72.1992,-42.410156],
[-30.376488,54.98717],
[-29.679605,55.08563],
[11.153984,29.127396],
[-40.774326,-6.1379747],
[-41.448402,-6.377072],
[-41.448402,-6.377072],
[-41.47934,-5.7587366],
[-11.71612,-50.78972],
[-73.77702,24.12288],
[-30.222878,-7.631986],
[-22.720985,-35.11531],
[-27.318995,-13.391857],
[-12.0127,-5.460599],
[-31.715927,2.8880012],
[-33.441257,36.527508],
[-12.115026,1.5525144],
[3.5218506,-20.5708],
[3.3037653,-19.900269],
[-16.399265,-62.791546],
[-14.276471,-70.99678],
[-75.42012,34.1751],
[-90.697685,27.95601],
[-58.99369,-18.75862],
[-30.376488,54.98717],
[-29.992588,55.401],
[92.19073,7.087309],
[36.838245,-88.012886],
[-67.95375,-14.132502],
[21.426197,-1.0820674],
[-17.31565,2.4141548],
[-46.055023,8.631113],
[46.491856,-39.880463],
[0.9405853,-35.613457],
[48.78206,-42.63564],
[26.707287,-66.0583],
[62.637,59.119694],
[90.39146,19.942942],
[-78.77857,-4.5586476],
[64.03338,60.714817],
[-19.511648,-41.968895],
[-0.2626356,12.989966],
[5.04289,-35.570374],
[16.152298,-22.055769],
[3.3037653,-19.900269],
[3.5218506,-20.5708],
[20.758867,-1.5725559],
[21.426197,-1.0820674],
[-43.870922,-38.576492],
[-34.61062,-22.905226],
[-26.579657,-55.900265],
[20.758867,-1.5725559],
[-4.42107,23.373543],
[-6.654614,12.757255],
[22.481358,-65.64722],
[1.9601957,-34.76304],
[50.53086,-48.865047],
[17.237982,-46.397354],
[49.08279,-44.845085],
[48.88442,-50.299637],
[48.647846,-46.6646],
[78.56639,-22.454952],
[31.621943,-46.419857],
[-61.342934,-66.97297],
[-64.821365,-3.265959],
[-2.5131843,-42.788147],
[-34.41578,-29.785837],
[21.426197,-1.0820674],
[21.426197,-1.0820674],
[16.639399,-46.981606],
[48.647846,-46.6646],
[94.03178,24.362888],
[-72.895744,-13.92997],
[87.72026,17.503366],
[-42.82466,11.458047],
[-41.7165,-72.15653],
[-61.342934,-66.97297],
[21.426197,-1.0820674],
[21.426197,-1.0820674],
[20.758867,-1.5725559],
[0.9405145,-35.613422],
[-4.4210687,23.373493],
[17.263157,-47.026882],
[85.26741,22.672676],
[-54.752792,-17.075583],
[-54.581264,5.8312454],
[-59.38913,-19.271341],
[63.065624,60.379356],
[-53.993183,-35.73387],
[-72.10289,-29.155087],
[17.263157,-47.026882],
[17.263157,-47.026882],
[48.884445,-50.29965],
[-30.324526,62.203827],
[-14.521927,45.344173],
[-4.543708,93.6091],
[-9.243041,6.525501],
[-4.5785155,23.088623],
[28.584051,12.728127],
[54.238262,-51.97972],
[29.168018,33.816357],
[-17.930922,-16.569292],
[-43.872322,-73.7589],
[-48.51357,-65.52944],
[-80.76883,28.382822],
[17.263157,-47.026882],
[17.263157,-47.026882],
[16.79872,-46.540314],
[-14.136518,45.625816],
[-14.521927,45.344173],
[26.707287,-66.0583],
[-52.56992,-21.15976],
[-54.752792,-17.075583],
[-11.412129,-85.41368],
[-1.7449791,72.23957],
[-8.469171,8.93382],
[50.17546,17.577848],
[1.1061025,92.5499],
[-14.136518,45.625816],
[-14.136518,45.625816],
[-8.077607,15.750138],
[-7.2446055,6.2298007],
[27.000954,34.2776],
[-93.36433,-12.477766],
[-55.662117,-48.462643],
[-77.90402,-11.400986],
[-12.144113,-51.045437],
[-82.65932,26.651968],
[-48.2914,-66.76167],
[88.56523,19.2579],
[-94.5897,-12.859702],
[-1.865723,-39.9678],
[88.56523,19.2579],
[-75.685135,8.075084],
[-4.543716,93.61003],
[-72.895744,-13.92997],
[-6.6406164,-48.830437],
[94.289085,9.774335],
[-81.49089,-11.493312],
[85.12931,25.814661],
[-82.22726,25.392288],
[-14.521927,45.344173],
[-5.1392508,7.6241245],
[-59.95295,56.853806],
[-26.27481,-26.265255],
[85.95568,22.980288],
[-64.70541,26.398935],
[50.175457,17.577843],
[1.1060984,92.5487],
[-22.774513,-42.46858],
[7.8191257,8.588518],
[-19.994518,62.194103],
[33.891613,-17.560726],
[12.064004,-24.366703],
[24.308378,-39.399406],
[47.268795,-44.592575],
[-56.545696,-23.979883],
[-68.841896,-4.5233245],
[-54.310932,-64.58986],
[64.42615,59.64398],
[-62.38461,-16.803923],
[-83.78241,25.700102],
[-72.895744,-13.92997],
[2.2316325,61.856403],
[1.1165276,59.751286],
[21.668486,46.578594],
[-13.316825,25.560562],
[-27.258734,-8.268594],
[22.236595,26.991516],
[77.69542,-21.555449],
[-72.168335,-14.356446],
[-8.792471,-44.23483],
[-40.546463,-11.733738],
[-12.241165,-55.243023],
[33.830853,-16.54747],
[-82.65932,26.651968],
[26.594105,-69.153336],
[5.211644,92.83874],
[16.780313,5.784774],
[-24.9815,3.7389033],
[-18.221224,-27.162603],
[-16.79726,-27.685701],
[26.139223,66.34372],
[2.2316325,61.856403],
[2.2316325,61.856403],
[2.2316325,61.856403],
[1.1165276,59.751286],
[-55.74673,8.672803],
[-59.9833,-24.265985],
[4.892194,-99.75691],
[-46.59739,-68.04419],
[30.561996,-81.30989],
[-43.870922,-38.576492],
[-57.627903,22.6275],
[24.308146,-39.39897],
[5.211644,92.83874],
[5.744612,93.25926],
[1.1165276,59.751286],
[1.1165276,59.751286],
[-43.729065,-24.088856],
[-67.95077,-14.131775],
[-41.069187,-47.160393],
[-55.291996,5.8521237],
[-33.60938,75.34146],
[-89.63975,28.31637],
[-81.57961,-10.190387],
[-26.274813,-26.265255],
[8.757468,-50.260426],
[5.085399,93.25674],
[-24.981623,3.7388973],
[-16.79726,-27.685701],
[44.143826,-40.30494],
[39.08349,48.42711],
[-9.529776,23.109997],
[-3.3375638,12.781345],
[-85.16737,-9.026619],
[2.2316325,61.856403],
[2.2316325,61.856403],
[2.2316325,61.856403],
[1.1165276,59.751286],
[1.1165276,59.751286],
[1.1165276,59.751286],
[1.1165276,59.751286],
[-35.354908,-21.148594],
[-5.619496,-42.20814],
[-56.336727,8.402556],
[5.6958537,92.80705],
[16.780313,5.784774],
[-14.451867,63.54645],
[-25.418062,60.290363],
[8.658989,10.613927],
[-19.024706,57.36675],
[-7.3737984,-6.020811],
[-23.414972,61.71947],
[54.994316,38.105476],
[4.41055,0.96037686],
[16.824074,25.528952],
[22.878527,-71.24237],
[-81.57961,-10.190387],
[19.758492,-70.46139],
[2.2316325,61.856403],
[22.236223,26.992102],
[31.34759,-41.585606],
[-94.30577,-12.131779],
[-51.083004,-56.77775],
[-2.367356,73.0058],
[-18.03132,9.829599],
[77.24098,-20.403858],
[-59.602917,58.40305],
[-57.71071,55.136845],
[5.744612,93.25926],
[5.321575,93.44919],
[-14.474458,63.199276],
[-25.338835,60.10966],
[-25.338835,60.10966],
[-19.024706,57.366756],
[-5.785786,20.23711],
[40.58052,53.146492],
[40.493156,54.709114],
[39.414127,50.19859],
[49.614063,23.14828],
[-84.503914,-9.606629],
[-14.445131,-38.781948],
[-78.36238,31.033594],
[-59.926804,-22.01051],
[-64.76772,-69.407646],
[51.19784,35.506893],
[-19.62786,9.971083],
[-57.71123,55.13904],
[-2.367356,73.0058],
[-2.367356,73.0058],
[-38.405346,-15.517959],
[31.621943,-46.419857],
[-8.166319,-44.031666],
[-14.451867,63.54645],
[8.659003,10.613922],
[-13.891587,60.413696],
[-0.83998126,-9.047116],
[53.751392,26.881666],
[53.751408,26.881453],
[54.728138,38.063957],
[40.639137,53.943676],
[39.990276,54.13166],
[39.414238,50.197758],
[57.28504,61.928684],
[-87.95227,-19.84338],
[-6.7226615,-39.581657],
[-2.367356,73.0058],
[-2.367356,73.0058],
[97.45671,15.251531],
[44.143826,-40.30494],
[-14.0814705,63.659214],
[-14.474503,63.1994],
[-25.338835,60.10966],
[-19.947361,29.921894],
[39.711792,47.95295],
[1.0704892,12.92127],
[-22.205084,56.011494],
[41.11709,54.011845],
[41.11709,54.011845],
[39.80171,54.393536],
[-18.18033,-46.461674],
[5.0615416,-99.11446],
[-58.27297,27.805504],
[31.044046,-79.08477],
[-42.97247,-75.17101],
[-73.452736,26.224813],
[1.8643724,-54.631027],
[-27.914593,-41.037205],
[-2.367356,73.0058],
[-13.243691,-14.944318],
[43.80731,45.101944],
[-55.662117,-48.462643],
[-14.0814705,63.659214],
[-25.338835,60.10966],
[-23.414972,61.71947],
[39.711792,47.95295],
[40.493156,54.709114],
[40.493156,54.709114],
[40.493156,54.709114],
[58.25106,37.74342],
[49.598946,23.228317],
[-49.108856,-66.49772],
[-72.895744,-13.92997],
[31.972197,-71.90534],
[-64.03479,-17.112429],
[51.19784,35.506893],
[-1.8483121,73.20924],
[-18.03132,9.829848],
[38.10696,-71.67329],
[17.763218,-68.897606],
[-78.704094,-16.435488],
[-41.563393,-9.247292],
[-0.83998126,-9.047116],
[-19.947361,29.921894],
[-19.947361,29.921894],
[-22.917997,30.680696],
[-22.539669,8.211187],
[-19.604408,55.386387],
[-17.234062,14.495113],
[12.006927,6.0789037],
[42.95969,45.986973],
[39.218033,49.438213],
[-2.6865427,-2.2664888],
[27.514029,-36.150505],
[22.963295,-69.308464],
[-31.715927,2.8880012],
[-5.7856255,20.236803],
[27.835945,12.156021],
[-12.282965,15.008201],
[3.5989707,0.4935299],
[-9.06847,7.406287],
[-21.359156,54.444527],
[51.0944,21.800838],
[58.25106,37.74342],
[30.773876,-81.92688],
[36.898315,-86.54913],
[-40.546463,-11.733738],
[-83.66016,-12.354915],
[-27.098156,-15.447271],
[-13.891192,60.413628],
[-20.077673,29.210014],
[-20.077673,29.210014],
[-22.670895,29.997124],
[-23.283846,30.340786],
[-23.174532,51.204617],
[24.414392,24.284103],
[-6.4193373,-6.817497],
[5.1717877,4.376408],
[37.633743,-86.80873],
[88.83988,13.5787115],
[-43.870922,-38.576492],
[-65.702484,-16.352325],
[-94.30577,-12.131779],
[-58.99369,-18.75862],
[8.499926,5.800431],
[6.485695,11.169385],
[58.25106,37.74342],
[-20.077673,29.210014],
[-20.077673,29.210014],
[-20.077673,29.210014],
[-22.580587,30.585266],
[39.216934,49.437317],
[2.9021046,97.8537],
[-3.5187607,103.16539],
[14.755708,24.434366],
[10.975967,61.197292],
[58.60109,38.588867],
[-56.383194,-23.931702],
[24.913355,23.947151],
[24.414392,24.284103],
[-36.44728,-32.15648],
[92.15568,15.80295],
[-78.478195,-4.007986],
[-22.539669,8.211188],
[2.1156123,98.38379],
[-3.2433686,102.556145],
[-3.5187607,103.16539],
[14.755729,24.434301],
[-23.269436,51.139164],
[-23.17166,51.20997],
[25.083725,24.445158],
[34.2694,-77.26054],
[-64.821365,-3.265959],
[-24.089748,-48.82062],
[-69.188194,-38.004475],
[28.857454,-84.13881],
[-11.859696,-55.91477],
[6.485707,11.169375],
[-22.670895,29.997124],
[-23.283846,30.340786],
[-22.670895,29.997124],
[-17.234035,14.495058],
[2.9021046,97.8537],
[-3.2433686,102.556145],
[-3.1967068,4.592143],
[24.414392,24.284103],
[24.414392,24.284103],
[95.3263,6.795381],
[95.870804,10.522673],
[-26.278435,-26.267298],
[89.26527,18.980915],
[25.882225,-36.171894],
[4.9277368,-96.145966],
[2.1875582,97.52937],
[1.9284455,97.934],
[-3.5187607,103.16539],
[-24.772558,29.1986],
[-14.260487,9.382649],
[-17.296972,2.3868136],
[50.25176,-51.31757],
[14.13134,31.293438],
[75.34928,-20.60026],
[95.3263,6.795381],
[-63.199596,-11.137915],
[-40.546463,-11.733738],
[-23.272665,51.134666],
[-23.266853,51.14229],
[25.083725,24.445158],
[24.83886,24.775227],
[-14.809967,-69.34933],
[-2.2239704,-43.32539],
[-87.18518,-1.541328],
[2.9021046,97.8537],
[1.9284455,97.934],
[2.4834602,98.325935],
[-2.8467066,102.87951],
[-17.29698,2.3868108],
[14.131273,31.293482],
[37.520008,-78.94477],
[-82.65932,26.651968],
[63.065624,60.379356],
[-78.87985,-3.5406415],
[-60.285027,-24.189266],
[63.065624,60.379356],
[-82.59518,20.226002],
[-80.435616,27.793507],
[34.1301,-39.735477],
[38.46787,-71.7292],
[31.420704,-77.58062],
[-10.685454,-84.13637],
[-87.18518,-1.541328],
[34.1301,-39.735477],
[-68.70166,-20.655424],
[-3.650828,-54.902225],
[-42.97247,-75.17101],
[98.63675,9.222323],
[-36.44728,-32.15648],
[-14.260495,9.382652],
[-56.95518,22.18884],
[-12.617671,-84.611626],
[-43.872322,-73.7589],
[60.16819,-27.845644],
[-52.56992,-21.15976],
[7.4332657,-80.76789],
[-14.464171,-1.9675449],
[39.915756,53.349445],
[41.358887,54.734806],
[38.95994,48.517326],
[50.964016,21.733486],
[49.370026,17.848019],
[-59.95109,55.373688],
[-44.3661,-60.074383],
[87.09117,23.66085],
[-72.43938,3.6048017],
[-52.97975,-35.571487],
[-38.405346,-15.517959],
[26.521912,52.702873],
[17.222853,65.38235],
[-5.4989576,0.31754237],
[0.6413401,16.09656],
[-20.114851,26.457022],
[-2.8658617,1.4317328],
[25.054443,46.17852],
[34.714024,51.966045],
[50.13736,18.363626],
[26.462875,52.763493],
[21.098154,-65.85075],
[13.469269,59.255123],
[-64.76772,-69.407646],
[-48.51357,-65.52944],
[-86.772736,-20.566763],
[-61.342934,-66.97297],
[-43.870922,-38.576492],
[16.678001,65.38579],
[16.979351,64.77303],
[25.054443,46.17852],
[25.054443,46.17852],
[34.397488,51.24118],
[34.397488,51.24118],
[58.25106,37.74342],
[-78.702644,-11.134234],
[-47.40402,-72.577774],
[-63.334507,-22.43216],
[58.32374,62.95126],
[-80.8102,-9.604992],
[-42.37702,-40.51963],
[-11.291387,-47.218483],
[16.678001,65.38579],
[34.714024,51.966045],
[34.714024,51.966045],
[49.71537,18.541803],
[21.098154,-65.85075],
[40.225048,53.21448],
[38.960064,48.51663],
[58.60109,38.588867],
[27.265482,-37.801353],
[-27.098156,-15.447271],
[29.21164,-83.97756],
[31.433426,-72.10993],
[32.03503,-77.90002],
[-13.29207,-68.72633],
[-62.38457,-16.80393],
[17.281694,65.13445],
[16.678001,65.38579],
[16.979351,64.77303],
[25.054443,46.17852],
[34.714024,51.966045],
[34.714024,51.966045],
[34.397488,51.24118],
[49.370026,17.848019],
[-2.4572558,6.366662],
[14.985034,27.944763],
[13.748693,59.346325],
[-49.904778,-63.5615],
[-26.27481,-26.265255],
[34.469868,9.717863],
[28.558422,12.711874],
[-9.532842,23.050064],
[49.06412,17.501755],
[-2.031832,18.869616],
[28.612038,33.307808],
[4.923569,1.3523122],
[26.34767,67.44138],
[-56.336727,8.402556],
[27.601393,-38.06176],
[95.483284,8.712496],
[29.925922,-81.34486],
[16.518925,64.86296],
[-5.4994044,0.31703937],
[25.054443,46.17852],
[34.714024,51.966045],
[-5.4835796,10.382655],
[-2.664867,8.258611],
[51.667747,35.98384],
[27.878197,41.615616],
[5.26219,-76.364975],
[52.740044,40.330643],
[48.884277,40.323994],
[8.810082,35.29604],
[-45.920494,-58.00266],
[0.960278,-5.0941873],
[21.919338,50.38871],
[-61.01567,56.984184],
[24.94251,-80.23341],
[19.880138,58.702694],
[-25.390203,-11.276627],
[-25.595547,82.74952],
[-44.99591,9.6333],
[-9.790051,34.43758],
[-13.214742,7.013145],
[-31.715927,2.8880012],
[-26.914652,-10.67956],
[49.428814,40.814724],
[3.2905035,27.978512],
[-30.159548,79.98613],
[4.8402686,34.7592],
[3.5735986,21.73739],
[14.083851,-1.8596371],
[14.289643,-2.4423006],
[6.2753234,36.248383],
[13.632242,-0.5287875],
[33.15321,27.932766],
[-27.351254,-10.921742],
[4.9948688,-79.775085],
[92.16075,-7.1370487],
[17.526428,48.764526],
[58.25106,37.74342],
[-16.399265,-62.791546],
[27.878197,41.615616],
[19.242943,-12.128992],
[27.34712,52.214508],
[6.3490243,35.2772],
[-37.661446,-11.843357],
[27.378838,27.315697],
[33.485798,52.12984],
[21.533531,50.969982],
[1.2855347,-4.1141176],
[-61.255203,57.902832],
[6.166925,35.119118],
[37.690765,-18.657766],
[52.961258,44.22352],
[-2.0687518,18.679201],
[10.87775,-3.7575252],
[40.08363,16.254705],
[78.65622,-19.625525],
[27.654932,35.980354],
[14.0367565,-2.944997],
[48.778255,41.408463],
[27.730257,35.88701],
[50.805885,22.417534],
[-55.2256,-47.68144],
[-83.78241,25.700102],
[86.718414,24.370302],
[-38.405346,-15.517959],
[19.48274,50.599365],
[19.554604,56.89566],
[4.9414086,1.3790858],
[1.0000677,-4.3680906],
[-17.390509,-17.613478],
[3.150139,27.35761],
[3.2773206,14.462658],
[18.429138,54.56132],
[58.60109,38.588867],
[47.36998,32.103127],
[12.266735,6.7372875],
[48.9321,39.725235],
[49.67267,40.04362],
[7.6190467,18.962759],
[4.923569,1.3523122],
[6.2753234,36.248383],
[33.153156,27.93275],
[-27.351254,-10.921742],
[52.077076,35.01622],
[-59.60966,-21.540964],
[25.671894,-69.25225],
[0.98077047,-4.3589845],
[31.174044,-36.543552],
[31.576397,31.420162],
[26.442467,60.288136],
[23.69077,58.24347],
[3.1346734,5.938619],
[7.8171487,-38.757076],
[29.130314,-36.83709],
[18.327198,50.612293],
[-39.19085,11.005661],
[28.292078,28.221813],
[-31.898678,76.24517],
[30.12039,-63.58537],
[33.418934,12.87133],
[65.925804,-26.212852],
[29.358837,-34.155838],
[-1.7941004,14.855206],
[-31.130089,78.926216],
[-17.567217,57.269123],
[27.878197,41.615616],
[27.878197,41.615616],
[-45.920338,-58.001663],
[19.911295,46.47706],
[58.44926,-22.97139],
[8.5101,5.787532],
[-31.05682,77.00428],
[3.7366502,18.332243],
[7.090572,-3.9412796],
[0.2156781,21.030277],
[6.4614606,33.62639],
[-74.72326,2.7000725],
[-50.444153,-68.70119],
[-87.18518,-1.541328],
[94.47984,6.3642445],
[50.392544,21.041035],
[-1.2746568,18.553333],
[57.77255,38.66429],
[-26.103397,83.175316],
[-26.103397,83.175316],
[-26.103397,83.175316],
[-5.5791574,12.709149],
[3.6300561,11.362369],
[25.698845,59.237083],
[10.609705,-14.9920845],
[5.935817,34.177547],
[58.55568,-0.41131216],
[6.151346,34.47858],
[-1.6537759,32.358185],
[-17.54784,55.66645],
[2.6522338,27.987064],
[14.083851,-1.8596371],
[90.39146,19.942942],
[-73.18449,-43.375313],
[93.04485,-6.678722],
[31.976503,31.843008],
[31.976503,31.843008],
[26.77303,60.070694],
[-31.129957,78.926254],
[27.878197,41.615616],
[27.878197,41.615616],
[52.740044,40.331512],
[21.919127,50.384537],
[-37.661453,-11.84336],
[27.378956,27.315838],
[44.62607,-40.131767],
[20.764305,-10.301581],
[20.61874,56.276875],
[6.223632,36.481567],
[55.674953,1.8260976],
[9.478032,-13.077415],
[-4.595011,9.062776],
[56.76505,20.312227],
[95.50448,11.228849],
[-31.05682,77.00428],
[7.090572,-3.9412796],
[23.898355,63.21016],
[6.7830486,-4.24354],
[35.602043,12.871498],
[-29.090006,77.041306],
[57.77255,38.66429],
[-26.103397,83.175316],
[-26.103397,83.175316],
[19.554604,56.89566],
[19.906145,50.54949],
[3.4642036,21.998653],
[44.268387,44.578777],
[22.064594,-61.660583],
[18.818317,49.9679],
[3.0895832,6.04887],
[-83.6608,30.937208],
[-20.164639,-70.407684],
[-75.685135,8.075084],
[87.26767,17.996624],
[3.2905035,27.978512],
[2.6522338,27.987064],
[3.150139,27.35761],
[3.2905035,27.978512],
[47.370598,32.103146],
[48.93266,39.724796],
[27.612852,-69.61037],
[1.5509424,7.9259243],
[-6.0813775,28.60821],
[10.7834215,42.222816],
[38.61729,6.3740277],
[18.279749,52.94028],
[15.251333,59.49732],
[6.0454597,33.896423],
[41.803825,23.29985],
[-31.715927,2.8880012],
[34.470245,9.717333],
[17.526249,48.764523],
[31.976503,31.843008],
[31.976503,31.843008],
[26.77303,60.070694],
[-2.1083586,36.841675],
[12.006766,48.1872],
[17.85014,56.271908],
[60.254093,-3.1870334],
[11.565583,49.470375],
[28.292078,28.221813],
[33.41895,12.871336],
[-1.7941009,14.855155],
[-30.813477,78.89215],
[11.023765,46.62708],
[49.653736,39.61419],
[21.164572,57.77733],
[10.339705,43.08234],
[-54.35964,-64.99136],
[27.27905,41.325596],
[27.27905,41.325596],
[8.810065,35.29592],
[6.3490243,35.2772],
[-2.638266,5.441309],
[-3.1159625,12.585412],
[-32.48007,75.39961],
[21.117342,59.0291],
[1.221952,26.326214],
[-19.568594,9.981954],
[-17.390509,-17.613478],
[58.449287,-22.97139],
[-31.05682,77.00428],
[-31.05682,77.00428],
[52.96127,44.22357],
[11.666778,47.43883],
[34.015697,16.006699],
[-30.461931,77.49119],
[17.187881,51.611736],
[15.083625,59.60396],
[-25.595547,82.74952],
[-25.595547,82.74952],
[-44.99583,9.633295],
[55.665672,41.064156],
[7.6189137,19.002857],
[19.118744,54.10275],
[-13.421998,9.661225],
[-42.101032,-71.79428],
[-72.183685,-28.145037],
[-22.222443,-41.728592],
[-5.4730825,6.7151113],
[-2.058258,32.261898],
[53.692642,35.379276],
[-2.5299041,17.279694],
[-8.645539,14.390061],
[-26.914652,-10.67956],
[2.6797318,27.503155],
[14.289643,-2.4423006],
[57.518467,38.19715],
[56.59315,14.343837],
[-0.07056531,9.533719],
[-19.770079,-5.3894114],
[50.204395,38.85345],
[17.549803,40.863766],
[33.15321,27.932766],
[55.108807,16.48854],
[8.331146,40.921066],
[31.174047,-36.54356],
[26.680233,60.361996],
[11.5657835,49.469757],
[13.500332,-2.292587],
[26.34767,67.44138],
[-82.59788,20.232761],
[-56.25617,10.3116255],
[-30.813477,78.89215],
[-30.813477,78.89215],
[21.159555,57.782303],
[56.764824,20.312227],
[-37.232918,27.89622],
[-20.215233,26.790789],
[7.6652904,-3.3879597],
[-9.614593,8.843443],
[8.474877,-79.73047],
[23.057983,-63.7173],
[17.810787,41.962803],
[-3.353629,15.881718],
[47.485382,40.04847],
[37.609913,9.8040495],
[34.28858,10.584787],
[16.972555,48.25592],
[19.911392,46.477207],
[8.5101,5.7875314],
[-31.444756,77.28656],
[10.87775,-3.7575252],
[35.602043,12.871498],
[34.015697,16.006699],
[9.31523,35.468277],
[9.100704,2.1873105],
[21.86321,-70.006134],
[0.10901516,6.893387],
[-58.95294,56.663036],
[48.778255,41.408463],
[-48.2914,-66.76167],
[19.482603,50.599403],
[3.630077,11.362386],
[21.013073,-64.92895],
[-3.5815167,-1.3004812],
[20.48259,57.445],
[55.989136,27.805075],
[28.562723,12.719318],
[0.45216,20.339832],
[7.618914,19.00297],
[-2.058258,32.261898],
[-2.058258,32.261898],
[-2.058258,32.261898],
[38.61329,6.4640126],
[50.204395,38.853447],
[-42.101032,-71.79428],
[-51.083004,-56.77775],
[90.490166,20.624838],
[31.976503,31.843008],
[31.976503,31.843008],
[26.42033,60.25985],
[26.59983,59.975044],
[3.1347148,5.9386544],
[7.817319,-38.757008],
[12.006766,48.1872],
[33.19262,24.560946],
[28.291485,28.221392],
[10.340406,43.08302],
[37.030098,9.712248],
[37.298912,10.00158],
[37.47949,9.399833],
[3.8341591,95.66273],
[18.936665,53.140976],
[13.299255,58.197475],
[2.9398284,18.323017],
[47.383595,41.7559],
[31.416641,18.470942],
[56.74043,22.681309],
[93.54972,24.550158],
[-0.3329822,-40.77951],
[-35.347836,-23.093445],
[35.602043,12.871498],
[11.666778,47.43883],
[33.923313,15.995982],
[34.015697,16.006699],
[-11.822865,10.493969],
[-3.5815077,-1.3004725],
[20.48259,57.445],
[-2.058258,32.261898],
[29.004185,-83.42798],
[22.368196,-11.086392],
[38.881496,6.637695],
[39.01684,6.58548],
[38.94815,6.2773905],
[17.521725,40.673904],
[17.180754,40.908947],
[-0.19045696,-1.48347],
[16.277468,-27.504257],
[57.673656,15.979402],
[19.785486,55.908493],
[5.644747,41.463543],
[2.3974705,39.511696],
[-5.813336,5.253337],
[22.883482,55.663055],
[57.50814,17.480469],
[78.61449,-20.623804],
[26.139223,66.34372],
[-74.66128,6.860235],
[-85.434074,30.997532],
[9.478032,-13.077415],
[-20.215178,26.790789],
[7.6652904,-3.3879597],
[3.8341591,95.66273],
[31.416641,18.470942],
[-5.253886,9.529928],
[-6.584626,7.021766],
[23.22834,53.326683],
[10.883479,-4.4189534],
[21.229876,57.00002],
[33.801308,19.910463],
[37.70502,15.319066],
[10.391406,-3.694192],
[60.76771,-1.3109589],
[-13.210486,-14.948428],
[34.015697,16.006699],
[17.763216,-68.89761],
[-80.492424,-11.340848],
[38.94815,6.2773905],
[41.803684,23.299788],
[17.521725,40.673904],
[-0.19047716,-1.4834961],
[5.644747,41.463543],
[-9.900778,-41.074123],
[13.500332,-2.292587],
[10.340406,43.08302],
[10.339708,43.082287],
[21.117342,59.0291],
[37.47949,9.399833],
[37.089817,9.439531],
[31.244156,18.821972],
[31.416641,18.470942],
[56.739033,22.681301],
[33.801483,19.910395],
[9.100552,2.1876917],
[-49.918175,-16.999994],
[57.562973,35.447678],
[22.6097,52.655094],
[4.720999,7.77206],
[-17.930922,-16.569292],
[28.562035,12.719408],
[55.66555,41.064125],
[-19.770079,-5.3894114],
[17.180471,40.90847],
[17.200869,40.62776],
[57.673656,15.979402],
[5.644747,41.463543],
[2.3974624,39.512333],
[-68.92203,-4.9893537],
[-59.38913,-19.271341],
[-11.412129,-85.41368],
[-41.642967,-47.48986],
[-20.215218,26.790281],
[8.474875,-79.73046],
[37.298912,10.00158],
[3.8341591,95.66273],
[3.8341591,95.66273],
[31.416641,18.470942],
[23.855911,55.036938],
[55.754913,-28.173176],
[39.819656,15.7305765],
[5.6815457,-78.97561],
[-33.81082,76.176674],
[-76.60621,7.061042],
[-4.5704093,-64.90467],
[25.740463,-41.98846],
[57.562973,35.447678],
[-11.822865,10.4939785],
[55.989136,27.805077],
[-60.63931,-65.94236],
[34.23514,-76.19539],
[5.644747,41.463543],
[5.644747,41.463543],
[5.644747,41.463543],
[5.644747,41.463543],
[2.3976798,39.51353],
[7.6665807,49.548355],
[31.416641,18.470942],
[21.23037,57.000282],
[39.81892,15.730709],
[-2.4400206,98.0837],
[28.453953,-82.12541],
[49.204025,-45.884754],
[3.460448,-43.99994],
[9.815042,47.96333],
[11.5877695,49.464466],
[8.1898365,48.42946],
[-20.468088,15.854809],
[85.841644,22.409048],
[-54.305,-9.015072],
[4.9277368,-96.145966],
[-36.465893,-31.768175],
[10.507548,-78.8215],
[2.3976798,39.51353],
[7.6665807,49.548355],
[-42.216694,-44.968792],
[37.70504,15.318971],
[60.76771,-1.3109589],
[23.854692,55.03509],
[32.733547,13.688155],
[23.38182,56.617195],
[-9.153101,-25.895306],
[-6.0690165,-39.606514],
[7.6665287,49.547714],
[7.6665287,49.547714],
[-80.54348,-11.918579],
[-51.140064,5.3668327],
[-49.108856,-66.49772],
[9.8150425,47.963665],
[-20.468033,15.854874],
[10.507548,-78.8215],
[-54.091763,-35.04595],
[-17.718222,-28.497114],
[-58.782345,22.892786],
[-3.9254634,-39.531185],
[19.779114,52.60029],
[11.007119,50.51689],
[12.328747,49.864307],
[-34.939342,75.314674],
[-86.772736,-20.566763],
[-35.234203,-29.897118],
[55.75491,-28.173176],
[49.204025,-45.884754],
[26.864933,32.58534],
[8.757468,-50.260426],
[-13.29207,-68.72633],
[60.625496,65.7125],
[-57.09001,21.875143],
[-67.657326,-4.896172],
[63.065624,60.379356],
[-73.09538,24.639572],
[-2.4400206,98.0837],
[-89.63975,28.31637],
[-13.440118,-70.893105],
[-61.168194,-20.086075],
[-82.22726,25.392288],
[-72.10289,-29.155087],
[95.483284,8.712496],
[4.2109685,11.320753],
[10.009108,15.361333],
[7.083251,12.32304],
[39.727356,15.727468],
[33.292545,25.746105],
[33.876404,19.986092],
[-56.00273,25.467981],
[56.903397,17.473396],
[60.29838,0.09403021],
[-6.200467,7.7602057],
[-38.405346,-15.517959],
[34.198193,-40.298077],
[-20.164639,-70.407684],
[11.007012,50.5168],
[-17.686499,-46.6584],
[-60.95604,-14.441697],
[64.70905,60.02067],
[56.65224,0.11130231],
[-43.729065,-24.088856],
[55.90911,-25.491358],
[-42.200607,-45.361237],
[-75.34475,6.1191106],
[-58.782345,22.892786],
[-79.095276,-4.624784],
[-23.636803,-49.38077],
[-64.087074,-11.166153],
[10.084783,15.274534],
[57.93138,16.352087],
[31.99383,7.4860635],
[24.424938,18.727203],
[55.005512,18.44624],
[-33.81082,76.176674],
[56.903397,17.473396],
[62.18497,0.055528454],
[26.745174,-8.69156],
[20.917515,54.303555],
[10.893937,14.3126335],
[9.604338,16.3373],
[-6.776447,29.908133],
[9.466626,14.865888],
[-5.8702087,31.053282],
[-59.9833,-24.265985],
[-11.291387,-47.218483],
[30.240202,-81.96477],
[-74.25532,-45.449932],
[6.2433968,11.212675],
[58.758507,-2.9648826],
[3.5927787,71.94937],
[-9.154154,25.472149],
[65.925804,-26.212852],
[-41.642967,-47.48986],
[-80.90504,-11.306054],
[-26.482168,-57.185684],
[-57.741005,22.01449],
[24.424921,18.727255],
[17.763292,-68.89793],
[7.0832415,12.322851],
[26.744987,-8.691572],
[-5.8702087,31.053282],
[60.642456,28.45902],
[52.999157,30.881641],
[53.80023,36.08823],
[44.30553,44.149292],
[37.92294,11.864601],
[3.4706678,71.05734],
[33.941357,10.795816],
[50.81096,40.746304],
[27.265482,-37.801353],
[3.5927787,71.94937],
[63.021072,58.675575],
[98.63612,9.222319],
[10.009148,15.361328],
[31.044048,-79.08477],
[-78.838005,-9.139489],
[1.7389894,-54.30711],
[-64.087074,-11.166153],
[37.520008,-78.94477],
[59.411625,-26.91676],
[28.627514,-36.22015],
[22.862766,-13.143017],
[50.441105,28.700125],
[56.769722,23.952475],
[-29.408703,77.992455],
[9.13063,26.482594],
[51.396824,21.897545],
[-9.154159,25.472565],
[-58.110546,-12.873885],
[-42.3189,11.841883],
[-0.7443511,10.890838],
[-19.428696,55.580235],
[-19.767458,-5.3892303],
[49.920166,35.475185],
[55.229492,15.909333],
[21.223618,11.668541],
[6.365307,15.059867],
[56.533283,-6.9555025],
[39.024315,10.0300045],
[57.817223,19.391905],
[-9.488755,24.252327],
[53.655155,23.415262],
[58.039608,0.2934346],
[52.998985,30.88089],
[53.799767,36.088562],
[4.2836456,71.25779],
[4.2836456,71.25779],
[3.4706678,71.05734],
[24.425072,18.727257],
[62.184963,0.05552764],
[6.3653355,15.059832],
[4.026411,70.748505],
[3.4706678,71.05734],
[50.441093,28.699894],
[4.007354,71.976616],
[55.22794,15.90745],
[58.0396,0.29359427],
[60.642406,28.458939],
[37.923523,11.864653],
[4.026411,70.748505],
[9.13063,26.482756],
[9.130556,26.482548],
[39.02431,10.0300045],
[76.442856,-21.244959],
[34.127872,-80.87388],
[54.467674,-21.819147],
[53.641735,34.149097],
[5.338743,-78.44381],
[-5.3321595,12.403397],
[5.045449,-98.130516],
[-12.581869,-42.150066],
[-78.838646,-11.4278345],
[-12.3117285,-50.860023],
[7.685151,-96.90582],
[-11.859696,-55.91477],
[55.06108,34.83628],
[4.879584,-7.7245603],
[-6.571668,-65.275505],
[97.34854,15.729056],
[29.004185,-83.42798],
[93.54972,24.550158],
[31.546833,-77.29481],
[4.890404,-8.413664],
[5.525481,-8.218627],
[-63.552586,-10.390794],
[37.70363,-87.187584],
[-10.401936,-33.650375],
[-3.6429322,24.348433],
[-34.43538,31.294651],
[13.554155,54.711475],
[13.472802,13.724455],
[17.622456,25.323206],
[38.10639,15.050475],
[58.971146,15.510447],
[-75.80877,33.37964],
[-61.342934,-66.97297],
[89.53976,13.48192],
[-34.41578,-29.785837],
[4.879584,-7.7245603],
[4.879584,-7.7245603],
[54.467674,-21.819147],
[5.338743,-78.44381],
[-47.40599,-72.57815],
[-0.5919499,-40.96628],
[89.53976,13.48192],
[-57.648003,14.970236],
[29.9139,-41.041775],
[34.644577,-80.531395],
[-9.153101,-25.895306],
[31.629448,-72.35407],
[5.4736834,-7.742703],
[5.525481,-8.218627],
[4.890404,-8.413664],
[-37.164906,29.817274],
[-24.696245,41.30617],
[0.3056404,49.165695],
[1.9919727,3.2109528],
[27.608864,33.336414],
[21.928503,57.345356],
[18.868511,52.24538],
[2.8950968,-1.9231172],
[58.234924,-9.392191],
[57.02594,-7.7999997],
[-16.399265,-62.791546],
[-34.435406,31.294853],
[13.554511,54.71186],
[-75.80877,33.37964],
[-27.914593,-41.037205],
[24.223215,25.402262],
[-9.631408,0.32840204],
[36.94907,16.96857],
[41.570282,13.572085],
[34.866222,8.777467],
[-23.138533,0.7927064],
[-9.90576,5.814831],
[25.26021,66.84502],
[55.06108,34.83628],
[4.890404,-8.413664],
[1.9919727,3.2109528],
[58.234924,-9.392191],
[-64.821365,-3.265959],
[6.0758224,-79.81617],
[18.948828,-12.048833],
[5.8459945,-3.3195913],
[41.027866,-5.2892737],
[17.274446,51.768147],
[58.020897,-7.4252014],
[0.9149043,9.431918],
[59.475914,-2.0071707],
[-10.5255165,-83.31317],
[41.15676,13.211136],
[-39.79851,-22.983305],
[-53.31893,-20.946947],
[11.883984,14.152617],
[34.464565,10.789584],
[-10.072809,6.9110436],
[-59.602917,58.40305],
[77.69542,-21.555449],
[2.8951957,-1.9232903],
[-13.216927,-14.943131],
[-9.303332,5.1741295],
[-0.43176612,47.96522],
[-1.5152797,49.34386],
[-33.636616,71.26045],
[-15.234644,11.675714],
[15.254165,26.776169],
[-22.994146,57.36394],
[-2.3159876,-36.530994],
[20.97941,-13.993408],
[20.913609,55.806435],
[-2.4552882,19.61577],
[-3.0000715,35.084793],
[19.688583,45.585754],
[33.41889,11.126392],
[40.87459,-5.9043136],
[41.600582,-6.0886254],
[40.87459,-5.9043136],
[-86.772736,-20.566763],
[1.7886053,-48.672024],
[30.528791,-82.07742],
[41.15676,13.211136],
[25.168522,-80.628525],
[-53.68552,-9.5055],
[27.601393,-38.06176],
[1.7504011,48.98415],
[50.509815,31.122507],
[19.702688,11.073576],
[4.477873,20.800024],
[75.93645,-22.401062],
[-1.2007864,50.073887],
[-1.5152797,49.34386],
[41.55919,-5.378689],
[-55.2256,-47.68144],
[-23.636803,-49.38077],
[-19.535305,-42.235275],
[-42.811096,-45.072823],
[41.15676,13.211136],
[41.15676,13.211136],
[41.15676,13.211136],
[57.02233,-7.797372],
[1.7504011,48.98415],
[-65.93851,-15.700214],
[-79.3987,-4.5420523],
[88.32984,20.470232],
[-35.234203,-29.897118],
[-1.5152797,49.34386],
[-3.019706,35.59753],
[5.8459945,-3.3195913],
[40.87459,-5.9043136],
[41.600582,-6.0886254],
[29.9139,-41.041775],
[-64.76772,-69.407646],
[32.103466,-77.891945],
[41.15676,13.211136],
[-38.383526,-59.570084],
[89.26527,18.980915],
[-51.140064,5.3668327],
[-72.10289,-29.155087],
[50.248924,-50.197666],
[10.181593,-41.01915],
[16.97263,56.870335],
[54.84687,29.1328],
[57.51482,15.685365],
[-38.497288,11.236207],
[-5.29064,31.848755],
[20.598444,11.132705],
[-7.2844934,10.489019],
[16.05992,54.206554],
[-34.99676,76.009346],
[2.1874194,49.502476],
[1.6396717,49.683617],
[1.6396717,49.683617],
[-1.2007864,50.073887],
[-1.2007864,50.073887],
[-1.2007864,50.073887],
[-1.5152797,49.34386],
[-2.4681156,35.34746],
[-2.4681156,35.34746],
[41.55919,-5.378689],
[41.600582,-6.0886254],
[-1.5265912,99.360855],
[-20.99805,21.498142],
[31.881813,7.7113996],
[32.069023,11.368367],
[54.195396,28.790985],
[-13.037362,3.8429408],
[21.418442,-10.56374],
[17.32708,55.79537],
[19.225958,26.271154],
[-41.7165,-72.15653],
[0.91512626,9.431309],
[50.240864,40.71545],
[-8.0065155,3.8745413],
[0.25211143,-32.123238],
[3.802028,22.143995],
[23.898344,63.210213],
[54.841007,28.593103],
[27.202051,-83.097984],
[31.34759,-41.585606],
[-33.41938,74.54026],
[-3.650828,-54.902225],
[-75.34475,6.1191106],
[-53.68552,-9.5055],
[-69.188194,-38.004475],
[-26.015648,-9.609049],
[10.911223,-14.432301],
[10.181593,-41.01915],
[57.51482,15.685366],
[-17.390509,-17.613478],
[1.7504011,48.98415],
[20.126442,56.84178],
[-1.2007864,50.073887],
[-15.234644,11.675713],
[-2.4681156,35.34746],
[-2.4681156,35.34746],
[-3.019706,35.59753],
[12.372323,-36.942688],
[-53.68552,-9.5055],
[32.067036,11.367731],
[92.16075,-7.1370487],
[52.817097,34.267227],
[20.410763,56.59463],
[18.577305,53.05006],
[-7.5288773,-2.7993894],
[55.646313,-5.3376403],
[21.84272,28.791573],
[-36.028866,-20.777264],
[-5.29064,31.848755],
[16.059725,54.206425],
[1.7504011,48.98415],
[1.7504011,48.98415],
[-26.27481,-26.265255],
[-8.598891,-43.739956],
[-81.053406,-11.94962],
[-42.200607,-45.361237],
[-1.5265911,99.36086],
[-1.526591,99.360855],
[32.067,11.367731],
[21.84301,28.791544],
[-4.5704093,-64.90467],
[-54.091763,-35.04595],
[27.202051,-83.097984],
[90.33223,30.22095],
[-27.306566,-56.487095],
[87.107086,17.461298],
[-49.904778,-63.5615],
[16.97263,56.870335],
[20.599295,11.132686],
[-3.8388765,9.639468],
[26.226042,-39.139328],
[56.16115,-1.8248035],
[4.3110456,17.979761],
[13.500332,-2.292587],
[21.282475,56.386322],
[53.75415,-0.31630906],
[-38.18902,-16.015854],
[-0.21439734,3.6441169],
[32.067,11.367731],
[-19.78538,-42.28554],
[-4.8625507,-63.840527],
[-75.42012,34.1751],
[3.802273,22.144165],
[1.7886053,-48.672024],
[19.244905,53.175785],
[34.597256,25.542011],
[-1.526591,99.360855],
[52.817097,34.267227],
[17.327263,55.795795],
[-78.683014,30.256086],
[-46.59739,-68.04419],
[-72.43938,3.6048017],
[77.65004,-19.306936],
[-40.710327,-4.709274],
[12.480123,23.432678],
[-25.576157,-9.173972],
[22.234507,-12.774163],
[56.886753,37.486774],
[14.996536,27.823076],
[66.3414,2.746206],
[60.711334,0.075841144],
[8.757468,-50.260426],
[93.94817,24.87062],
[89.26527,18.980915],
[-9.978345,-40.96257],
[21.842857,28.791336],
[30.274853,-40.20979],
[-2.223023,18.415947],
[66.84113,4.8338537],
[-6.3103943,3.4684458],
[66.916756,2.6431632],
[66.916756,2.6431632],
[-43.870922,-38.576492],
[-53.68552,-9.5055],
[25.390625,-80.50424],
[-78.70383,-16.435997],
[56.304577,23.95362],
[30.68126,35.115532],
[-58.27297,27.805504],
[34.360508,-79.90532],
[-27.780037,11.940102],
[-51.083004,-56.77775],
[86.718414,24.370302],
[-2.5127583,-42.78742],
[53.75415,-0.31630906],
[66.3414,2.746206],
[66.3414,2.746206],
[87.39683,26.796375],
[66.84113,4.8338537],
[66.84113,4.8338537],
[-27.914593,-41.037205],
[-40.710327,-4.709274],
[66.3414,2.746206],
[66.3414,2.746206],
[15.061061,-38.811375],
[56.570396,27.899513],
[55.114536,44.297356],
[1.2946794,8.223957],
[-40.124622,6.6244082],
[66.84113,4.8338537],
[-4.311396,7.7156615],
[-45.7428,-69.01459],
[-35.97212,-21.32908],
[55.114536,44.297356],
[57.203182,60.88306],
[51.81849,22.601843],
[-14.889852,53.530327],
[30.68126,35.11504],
[-51.140064,5.3668327],
[87.72026,17.503351],
[7.685151,-96.90582],
[-64.76772,-69.407646],
[62.637,59.119694],
[-75.84685,34.580425],
[-79.5473,-3.9856892],
[55.114536,44.297356],
[-6.280986,-30.559732],
[49.49709,41.41768],
[19.147892,11.267163],
[51.828903,23.204044],
[40.923283,35.411366],
[56.7048,-9.66937],
[-29.736528,74.7129],
[30.114744,-63.59112],
[57.203175,60.883064],
[-78.00986,-11.9634905],
[-56.507904,23.469831],
[-27.344162,-57.409763],
[30.681255,35.11555],
[-76.13949,7.2981186],
[34.198193,-40.298077],
[-82.22726,25.392288],
[91.53138,16.367678],
[55.114536,44.297356],
[55.114536,44.297356],
[40.92318,35.41135],
[57.305225,-10.0538435],
[57.305225,-10.0538435],
[57.305225,-10.0538435],
[19.222097,-12.1342325],
[-6.788919,7.946524],
[9.687665,23.173782],
[47.669113,38.62407],
[-19.49884,20.869692],
[65.925804,-26.212852],
[-14.889852,53.530327],
[-14.889852,53.53006],
[81.00961,22.61847],
[33.10447,-73.054184],
[34.861115,11.605482],
[28.075531,-36.881157],
[-12.277278,14.461898],
[-80.309235,28.454914],
[-67.657326,-4.896172],
[-18.096622,-28.119738],
[-14.809967,-69.34933],
[9.538195,-40.05826],
[49.32123,40.522575],
[58.538654,1.1892914],
[57.743965,-1.5075474],
[4.15558,21.28222],
[58.565273,2.1340904],
[-43.872322,-73.7589],
[55.114536,44.297356],
[54.906147,44.947197],
[55.114536,44.297356],
[56.7048,-9.66937],
[56.7048,-9.66937],
[51.81849,22.601843],
[52.21268,32.692543],
[59.120636,3.0609605],
[-23.808737,0.32434273],
[-58.95294,56.663036],
[92.353615,16.560501],
[91.09497,-6.5265474],
[-80.95983,-14.356097],
[-76.64846,-16.478151],
[-14.809967,-69.34933],
[37.074123,-87.322044],
[87.09117,23.66085],
[30.274853,-40.20979],
[40.923237,35.411343],
[57.25466,-9.359015],
[-29.736963,74.713715],
[7.0638595,36.077305],
[55.805496,28.705454],
[-57.108868,9.315204],
[-14.889853,53.529724],
[-84.503914,-9.606629],
[-3.149217,-54.550285],
[25.883038,-36.171726],
[-12.277289,14.462027],
[-10.33146,-84.23959],
[-73.83163,-8.040464],
[40.923233,35.41134],
[57.305225,-10.0538435],
[-29.73656,74.7137],
[-3.530049,7.918173],
[-74.872116,23.366665],
[87.14919,27.16212],
[-4.8687477,-44.91865],
[-42.37015,-40.51943],
[-23.808737,0.32434273],
[-40.124622,6.6244082],
[30.274853,-40.20979],
[-24.41864,52.010567],
[-31.251736,62.444805],
[-48.630898,-16.705236],
[21.732851,-13.834013],
[-5.14788,16.015667],
[-13.556991,19.57355],
[57.815903,3.7575734],
[-6.094527,9.477963],
[9.687665,23.173885],
[-56.888657,-20.854843],
[-40.546463,-11.733738],
[-78.70406,-16.435488],
[-30.222878,-7.631986],
[-13.556984,19.573519],
[-9.984291,7.9283214],
[-0.75722617,3.2854378],
[52.26022,22.279182],
[60.926727,1.503409],
[53.655155,23.415262],
[57.46336,-6.65029],
[-42.376892,-40.517963],
[-18.096622,-28.119738],
[-1.870877,-39.972366],
[16.804691,28.711298],
[5.4720216,6.050316],
[60.284386,-27.413803],
[-35.234203,-29.897118],
[-8.26356,-44.32141],
[-12.784151,-69.33405],
[57.01753,62.57615],
[10.507548,-78.8215],
[57.577236,-26.054106],
[23.898342,63.210285],
[52.25996,22.278622],
[-59.547497,-18.722862],
[-63.318256,-10.564124],
[51.966637,34.517944],
[26.139223,66.34372],
[-90.697685,27.95601],
[-63.939507,-63.413784],
[-6.5401278,-48.04412],
[-90.697685,27.95601],
[2.0037687,-30.751902],
[-26.48217,-10.927667],
[4.6987443,8.4223385],
[52.73854,20.821276],
[-55.74673,8.672803],
[-5.1478624,16.01569],
[57.46273,-6.650123],
[30.189924,-81.246666],
[-49.918175,-16.999994],
[-74.25532,-45.449932],
[13.441423,25.395517],
[-26.48217,-10.927667],
[-31.358242,59.578514],
[3.9000218,-98.121284],
[1.2193475,15.852556],
[76.313774,-19.596611],
[-27.780037,11.940102],
[95.42491,10.530533],
[-40.03528,-23.54178],
[-8.753662,4.420387],
[5.4720354,6.050314],
[-63.6795,-11.453426],
[-31.358242,59.578514],
[-76.289444,34.006283],
[29.620974,-40.249084],
[-57.741005,22.01449],
[94.61406,7.0863094],
[-42.614872,16.756954],
[-5.479196,28.128271],
[-22.813417,7.7910814],
[20.745798,-64.68992],
[13.5125885,-1.4941765],
[59.81657,4.3305254],
[1.8474492,13.537373],
[58.960094,0.7181526],
[-44.14383,-75.389366],
[-58.110565,-12.873877],
[94.92434,11.037916],
[-84.058426,24.920004],
[12.678114,54.840866],
[51.074398,34.700974],
[27.931528,33.848232],
[-64.64626,-3.8553016],
[-63.80369,-19.784512],
[-27.306566,-56.487095],
[-27.914593,-41.037205],
[59.80035,4.0142355],
[22.06015,-13.5665045],
[16.904593,6.9210153],
[-34.99676,76.009346],
[-55.2256,-47.68144],
[10.255125,-38.83085],
[-78.683014,30.256086],
[-68.92203,-4.9893537],
[60.20416,-0.91128546],
[47.5578,35.089176],
[22.36292,-69.30549],
[-6.804852,-64.57679],
[-60.63931,-65.94236],
[-60.63931,-65.94236],
[24.16197,-14.742206],
[20.121788,55.68681],
[-42.614872,16.756954],
[-42.614872,16.756954],
[59.441746,4.246696],
[-40.53224,-66.800156],
[54.89434,16.293722],
[4.892194,-99.75691],
[-87.18518,-1.541328],
[47.557842,35.089123],
[-18.56908,47.72617],
[61.571198,-1.9593164],
[23.60173,-13.216905],
[49.364975,41.746296],
[30.025133,37.888294],
[-42.614872,16.756954],
[-42.614872,16.756954],
[-42.614872,16.756954],
[-42.614872,16.756954],
[-35.864548,29.956345],
[-11.445654,38.63409],
[-34.892784,30.812609],
[-20.527557,57.471237],
[-46.350628,-60.76659],
[-16.948235,-16.557987],
[-73.386505,24.681328],
[-64.64626,-3.8553016],
[-38.383522,-59.570084],
[54.89434,16.293722],
[-76.60621,7.061042],
[9.462882,99.19369],
[57.574203,-5.547486],
[-34.406624,-31.013748],
[-18.3905,47.252266],
[30.025133,37.888294],
[24.16197,-14.742206],
[-42.614872,16.756954],
[-42.614872,16.756954],
[59.441746,4.246696],
[59.441746,4.246696],
[59.800346,4.014235],
[-11.445654,38.63409],
[0.57367283,20.161087],
[8.864706,-3.9915106],
[-58.27297,27.805504],
[-55.2256,-47.68144],
[-10.371513,-33.894398],
[31.629448,-72.35407],
[-7.261919,5.35565],
[62.182026,-1.5617163],
[-74.17691,26.114681],
[-12.029738,-84.909195],
[19.75857,-70.461914],
[22.362917,-69.30553],
[-18.3905,47.252266],
[-18.56908,47.72617],
[-18.064781,47.78971],
[30.025133,37.888294],
[30.025133,37.888294],
[-11.449284,38.64106],
[-31.585396,38.392113],
[-40.477737,-4.0476813],
[58.782063,0.045823578],
[1.5180324,15.940708],
[11.350779,11.461917],
[-26.61092,-11.805003],
[-4.232392,4.7223706],
[-10.885269,58.531654],
[-13.2101345,62.36432],
[-0.4968743,91.02236],
[-3.6409461,5.454443],
[-12.300582,63.398384],
[-5.3972373,13.442139],
[9.076611,2.1888855],
[-19.468185,9.952302],
[65.925804,-26.212852],
[25.882273,-36.17185],
[2.7800062,-78.97096],
[-11.71612,-50.78972],
[60.20416,-0.91128546],
[-18.064781,47.78971],
[61.571198,-1.9593163],
[49.258087,41.77999],
[30.79688,38.08355],
[30.025133,37.888294],
[30.79688,38.08355],
[30.025133,37.888294],
[-11.445654,38.63409],
[-12.857123,62.770565],
[-56.48559,-27.66422],
[58.829384,62.776287],
[-83.6608,30.937208],
[-1.4168689,-42.08513],
[59.739788,-28.2846],
[-34.406624,-31.013748],
[-17.97804,47.382946],
[30.638472,37.38297],
[-13.016291,3.8343742],
[-11.445654,38.63409],
[10.507548,-78.8215],
[58.68378,62.052914],
[-10.885187,58.531937],
[-13.2101345,62.36432],
[-13.2101345,62.36432],
[9.076611,2.1888855],
[-36.028866,-20.777264],
[-51.140064,5.3668327],
[-54.687946,-48.292793],
[-63.902145,-10.476701],
[-13.034659,3.847917],
[58.782063,0.045823578],
[-26.61092,-11.805003],
[-83.56383,-13.164024],
[-68.70139,-20.65542],
[34.1301,-39.735477],
[25.740463,-41.98841],
[-4.6629844,3.5455797],
[-29.93568,-8.321594],
[-6.8288693,-48.10282],
[-41.053806,-58.55051],
[-70.52412,-41.947903],
[-22.222443,-41.728592],
[-31.585545,38.392174],
[-12.666059,62.372066],
[-13.2101345,62.36432],
[-63.939507,-63.413784],
[-55.00208,5.259596],
[57.28504,61.928684],
[92.19107,7.0873127],
[58.32374,62.951267],
[-26.128777,-56.31164],
[2.6140664,97.0599],
[58.67419,-1.1132933],
[19.722,54.55448],
[75.391136,-21.469141],
[-63.939507,-63.413784],
[-58.110516,-12.873877],
[-54.752792,-17.075583],
[-49.904778,-63.5615],
[-93.36433,-12.477766],
[2.6140664,97.0599],
[-85.16737,-9.026619],
[-5.0759654,-41.593052],
[-59.547497,-18.722858],
[7.685151,-96.90582],
[-4.5704093,-64.90467],
[-73.83163,-8.040464],
[-13.29207,-68.72633],
[-6.5404816,-39.34478],
[-22.222443,-41.728592],
[-44.14383,-75.389366],
[62.83993,-3.474598],
[-85.16737,-9.026619],
[92.19777,-5.903674],
[33.8738,-76.31073],
[96.53019,15.515676],
[-59.697075,-22.21082],
[12.638896,-36.266216],
[-58.780643,25.306221],
[-58.27297,27.805504],
[-42.811096,-45.072823],
[58.890713,-27.148952],
[-56.48559,-27.66422],
[-0.29881588,76.79917],
[-9.800188,18.202785],
[11.660146,-21.682404],
[62.3051,-2.7936392],
[5.088097,-97.11744],
[44.013634,29.386414],
[62.589653,1.8484882],
[-34.939342,75.314674],
[-61.416195,-20.12413],
[-0.2237612,-41.381],
[-51.140064,5.3668327],
[-12.4004545,-86.632286],
[94.776085,6.198222],
[-89.69207,27.351381],
[28.387661,-83.17815],
[-87.18518,-1.541328],
[-0.8138581,77.23244],
[-0.17612967,77.4465],
[-0.8138581,77.23244],
[33.034267,-3.4295979],
[-28.116037,-51.57602],
[34.54353,-76.32566],
[-0.29881588,76.79917],
[-0.8138581,77.23244],
[-9.799915,18.202433],
[23.61324,-14.843998],
[13.783054,-2.9614096],
[-86.34934,-2.0405912],
[-38.383526,-59.570084],
[-15.117035,-70.70495],
[87.09117,23.66085],
[94.92434,11.037916],
[-36.465893,-31.768175],
[13.441423,25.395517],
[11.660145,-21.682404],
[44.01368,29.387028],
[56.72126,61.99095],
[-18.508238,-17.416903],
[-60.956123,-14.444526],
[-22.190397,-42.472862],
[94.03178,24.362888],
[-64.70541,26.398935],
[63.59898,-3.324746],
[1.3881582,11.680153],
[1.7886053,-48.672024],
[-69.383354,25.62867],
[96.3877,14.575509],
[-59.286762,-22.240263],
[-0.8138581,77.23244],
[-0.8138581,77.23244],
[-94.098694,-13.520918],
[-54.35964,-64.99136],
[-4.1866612,-54.6226],
[-16.399265,-62.791546],
[-27.24387,41.228546],
[-5.785606,20.23677],
[56.794025,15.643789],
[-83.66466,31.386322],
[-43.729065,-24.088856],
[-24.481564,52.908207],
[-31.967535,58.473564],
[-22.86904,0.98004866],
[-2.6395876,-47.730213],
[-17.975927,-1.3705207],
[19.441187,53.610794],
[-34.94463,74.61046],
[-76.289444,34.006283],
[-68.70179,-20.655436],
[92.353615,16.560501],
[30.388435,-40.75025],
[-56.779667,-27.904251],
[-67.75014,-5.4131536],
[-24.481852,52.90828],
[-24.479393,52.90897],
[-24.479452,52.90897],
[-31.159616,58.377827],
[-31.967535,58.473564],
[-53.575825,-8.569727],
[-54.35964,-64.99136],
[28.175043,-83.98233],
[-73.18449,-43.375313],
[-40.86089,-9.213107],
[-61.776367,54.373653],
[-22.720985,-35.11531],
[-31.967535,58.473564],
[-2.6395872,-47.730312],
[-13.368872,61.489662],
[-2.3064544,11.139513],
[4.00152,14.591521],
[5.3618107,4.870905],
[-6.6236615,5.916787],
[-59.602917,58.40305],
[-27.306566,-56.487095],
[-39.717167,5.8974795],
[-73.73241,-21.641424],
[60.206543,63.94315],
[-27.098133,-15.447759],
[-31.967535,58.473564],
[-31.967535,58.473564],
[-31.967535,58.473564],
[-8.244669,10.2713585],
[5.5111985,-99.56601],
[88.32984,20.470232],
[-5.64483,-41.731205],
[27.543276,-37.64667],
[-40.86089,-9.213107],
[63.065624,60.379356],
[-31.967535,58.473564],
[-31.159616,58.377827],
[4.001488,14.591502],
[-8.816271,-43.94326],
[-80.8102,-9.604992],
[33.779064,-80.10404],
[88.83988,13.5787115],
[-68.70168,-20.655428],
[-64.20559,26.194122],
[-6.582914,-39.880577],
[33.92328,-77.036064],
[-46.96081,-69.16854],
[-66.22264,-15.947206],
[-40.195297,5.907814],
[-44.26467,-39.096916],
[-28.116037,-51.57602],
[88.83988,13.5787115],
[-13.440118,-70.893105],
[-84.295265,-8.69657],
[-74.66128,6.860235],
[58.68378,62.052914],
[-27.780037,11.940102],
[-15.0636635,-71.25767],
[-11.859696,-55.91477],
[-50.444153,-68.70119],
[-54.67641,-64.75272],
[-14.8665285,-34.261898],
[-81.57961,-10.190387],
[90.39146,19.942942],
[94.2891,9.774335],
[-42.47937,-55.545055],
[-4.8687477,-44.91865],
[85.39391,23.22532],
[-56.978035,10.210412],
[-74.25532,-45.449932],
[-87.51202,-20.92508],
[-94.5897,-12.859702],
[26.457876,-65.525826],
[-5.4495554,-44.9796],
[88.32984,20.470232],
[-78.837585,-11.932159],
[96.53019,15.515676],
[27.757347,-37.79075],
[-83.56383,-13.164024],
[26.34288,-69.668495],
[-13.061538,43.674133],
[-8.4976635,5.3975186],
[55.338284,28.621765],
[76.74218,-23.076487],
[-7.224512,7.073034],
[58.581715,24.774069],
[56.725338,30.3736],
[63.456436,-1.2230157],
[56.689705,23.724659],
[-7.6784706,8.588518],
[-10.178438,-33.548256],
[-40.03528,-23.54178],
[94.03178,24.362888],
[-56.383194,-23.931702],
[18.851635,58.00245],
[-70.52412,-41.947903],
[-34.727715,-23.377802],
[92.19107,7.0873127],
[-54.752792,-17.075583],
[50.13736,18.363626],
[52.44306,35.52617],
[11.041729,11.315029],
[51.76048,33.723293],
[55.430695,22.663183],
[-23.808737,0.32434267],
[58.581696,24.774103],
[-58.780643,25.306221],
[-22.808872,-41.81254],
[8.757468,-50.260426],
[-81.053406,-11.94962],
[-73.18449,-43.375313],
[-13.061538,43.674133],
[-13.061538,43.674133],
[52.44306,35.52617],
[-11.2020445,-54.99418],
[-14.866942,-34.262287],
[-74.17759,26.115232],
[-38.933384,11.109308],
[-7.809972,6.683286],
[-5.731432,-41.944283],
[-0.58213323,-40.990955],
[50.13736,18.363626],
[-13.061538,43.674133],
[55.4307,22.663088],
[-45.7428,-69.01459],
[-82.22726,25.392288],
[-78.578865,-4.3316507],
[-7.700705,9.447827],
[56.128277,-4.989667],
[-14.725486,-39.22536],
[-13.062087,43.67365],
[56.72534,30.373602],
[0.751292,13.054007],
[62.0115,27.633541],
[-9.781954,12.489893],
[-13.29207,-68.72633],
[-78.68092,-3.7299058],
[-83.56383,-13.164024],
[-47.40402,-72.577774],
[-87.015724,-12.192181],
[-23.808737,0.32434267],
[-67.613754,-37.313354],
[-56.978035,10.210412],
[-6.9848366,-48.374897],
[-11.71612,-50.78972],
[-67.14146,-27.66503],
[-22.190397,-42.472862],
[-11.291387,-47.218483],
[-76.08956,8.364016],
[62.011555,27.63361],
[-53.575825,-8.569727],
[86.49708,22.650915],
[-87.51202,-20.92508],
[-61.29811,-19.527275],
[-64.03479,-17.112429],
[-7.018178,8.734782],
[-9.78196,12.489885],
[38.25531,-72.01306],
[-56.978035,10.210412],
[-64.76772,-69.407646],
[-13.255221,-85.93162],
[2.801388,-78.9646],
[63.40777,59.039875],
[-64.76772,-69.407646],
[-38.383522,-59.570084],
[-14.958846,-39.073822],
[-76.289444,34.006283],
[-50.444153,-68.70119],
[-34.992676,-23.494448],
[-8.711146,-26.098232],
[-51.198833,4.973828],
[-65.84377,-28.389524],
[-28.116037,-51.57602],
[-63.939507,-63.413784],
[-13.29207,-68.72633],
[-60.8184,56.560127],
[30.789803,-81.56173],
[-4.5704093,-64.90467],
[-22.85476,-42.143253],
[-7.114277,-65.165955],
[-13.29207,-68.72633],
[24.951069,-80.50972],
[-54.091763,-35.04595],
[-3.59415,-54.118942],
[-42.3189,11.841883],
[36.705025,-79.27918],
[-78.94435,30.755243],
[31.621943,-46.419857],
[36.71694,-86.88629],
[29.76179,-68.70728],
[53.11781,35.110027],
[56.60153,29.165161],
[10.507548,-78.8215],
[60.84956,-2.55611],
[22.345543,59.217636],
[57.67136,-25.347996],
[-60.956303,-14.443604],
[-83.313515,31.157185],
[77.76458,-22.779924],
[60.40493,27.604116],
[56.244972,29.307701],
[-53.68552,-9.5055],
[-50.444153,-68.70119],
[-41.05207,-58.550323],
[62.333954,2.0731156],
[51.534836,42.445305],
[-27.306566,-56.487095],
[-42.811096,-45.072823],
[-11.194132,58.816433],
[-30.776747,62.29808],
[-15.640238,61.308514],
[12.643175,5.1620965],
[-6.52564,5.2140226],
[-8.958708,-2.877433],
[59.61142,0.51476747],
[13.22684,14.60077],
[51.311592,34.73331],
[-23.18222,12.850521],
[-13.202165,-14.942089],
[-52.97975,-35.571487],
[10.507548,-78.8215],
[-59.00393,-19.225582],
[-44.26467,-39.096916],
[-57.0409,-20.829378],
[-28.116037,-51.57602],
[-73.73241,-21.641424],
[-38.383522,-59.570084],
[-30.776747,62.29808],
[81.31349,22.24596],
[-74.872116,23.366665],
[13.840474,26.060406],
[-43.729065,-24.088856],
[81.31349,22.24596],
[-20.164639,-70.407684],
[-82.22726,25.392288],
[59.411625,-26.91676],
[-7.114277,-65.165955],
[53.11781,35.110027],
[56.60153,29.165161],
[-8.958689,-2.877309],
[60.404358,27.604357],
[0.4855044,13.657054],
[57.381138,1.445964],
[0.43080932,5.701044],
[11.538122,11.378055],
[30.440775,3.8518724],
[54.730434,28.600595],
[65.925804,-26.212852],
[-41.642967,-47.48986],
[-25.950415,-56.54237],
[-61.542007,-65.71645],
[-22.720985,-35.11531],
[84.81974,14.720595],
[-30.776747,62.298077],
[-13.29207,-68.72633],
[-19.372156,5.2408333],
[5.7899623,-92.80824],
[30.099764,-1.978603],
[-64.76772,-69.407646],
[51.537746,42.44545],
[-32.523396,-23.334457],
[-74.41539,24.672207],
[91.764984,16.620317],
[62.83993,-3.474598],
[12.315455,11.732271],
[35.12934,11.854862],
[10.911223,-14.432301],
[85.841644,22.409048],
[-63.939507,-63.413784],
[-75.34475,6.1191106],
[92.19777,-5.903674],
[-68.64012,-38.326794],
[-12.617671,-84.611626],
[-49.918175,-16.999994],
[-36.064804,-32.107197],
[30.953598,-76.01148],
[0.43077496,5.7010336],
[30.440783,3.851874],
[-3.734212,-64.53816],
[-53.206757,-21.265938],
[-55.74673,8.672803],
[-20.164639,-70.407684],
[29.637703,-68.99707],
[56.53169,-7.996158],
[28.135265,5.3549314],
[59.60077,-0.75564754],
[-5.497354,3.093848],
[-23.18228,12.850554],
[-5.5108323,4.1237316],
[-40.17767,-66.05661],
[-87.51202,-20.92508],
[-10.5255165,-83.31317],
[-1.1953275,-42.305046],
[35.129425,11.8550825],
[30.440704,3.8518763],
[20.35333,8.869566],
[-0.42032897,-32.762905],
[46.792564,2.1837027],
[17.863441,27.819967],
[33.207943,9.311143],
[51.196716,43.28258],
[-4.992022,4.648885],
[-3.4393256,6.2334733],
[5.7899623,-92.80824],
[-11.859696,-55.91477],
[1.7886053,-48.672024],
[-68.640625,-38.355637],
[-49.918175,-16.999994],
[-54.67125,17.024158],
[-50.578033,-56.666325],
[59.60077,-0.75564754],
[-12.173551,60.770348],
[-30.436241,70.75627],
[-6.3445783,8.744196],
[-3.9886212,8.578948],
[20.363565,9.460682],
[31.992674,1.0287277],
[55.809837,-3.4265537],
[20.549026,52.808357],
[62.83993,-3.474598],
[-13.047693,-14.486438],
[30.099985,-1.9786069],
[-5.2802234,-42.290817],
[31.317703,-75.83466],
[-67.613754,-37.313354],
[-30.43631,70.75588],
[32.62751,1.3419923],
[32.62751,1.3419923],
[32.62751,1.3419923],
[6.083745,88.20186],
[24.964197,-69.02922],
[22.821754,-14.912422],
[19.929329,11.002651],
[32.51023,-1.7916172],
[12.890512,14.145769],
[12.902813,14.212483],
[-56.725277,-27.408194],
[-89.24095,27.933174],
[-42.47937,-55.545055],
[47.135994,2.2446396],
[-34.41578,-29.785837],
[-41.61899,-71.72261],
[22.407799,-14.707406],
[31.670849,4.3930883],
[-6.7306705,17.920746],
[-6.395314,30.20199],
[-4.5704093,-64.90467],
[8.757468,-50.260426],
[-5.4238024,-45.241985],
[-4.9485836,-41.84562],
[-6.1615,4.4937754],
[20.363562,9.460671],
[32.62751,1.3419923],
[32.62751,1.3419923],
[31.96339,1.570661],
[6.481967,87.78885],
[6.552633,88.24692],
[31.943085,-1.9860607],
[47.135994,2.2446396],
[47.135994,2.2446396],
[51.196663,43.28244],
[-3.8814027,3.8866982],
[33.796116,9.894602],
[-40.195297,5.907814],
[22.407799,-14.707406],
[31.670856,4.3930573],
[-54.671406,17.024162],
[-58.27297,27.805504],
[-80.09804,28.1832],
[29.637646,-68.99707],
[28.135347,5.3549185],
[-29.46639,40.22934],
[-3.2536037,93.81192],
[6.3943267,-78.174034],
[5.988182,-79.673584],
[19.825449,60.876038],
[-10.01935,18.154318],
[-60.50874,57.891693],
[31.943085,-1.9860607],
[31.943085,-1.9860607],
[31.943085,-1.9860607],
[-0.42032924,-32.762833],
[47.135994,2.2446396],
[47.135994,2.2446396],
[-72.895744,-13.92997],
[-3.59415,-54.118942],
[-78.23695,29.921244],
[-63.457645,-22.544716],
[4.9277368,-96.145966],
[-26.482168,-57.185684],
[-48.2914,-66.76167],
[32.62751,1.3419923],
[6.552633,88.24692],
[31.943085,-1.9860607],
[-66.98433,-31.341982],
[-26.482168,-57.185684],
[-6.571146,-65.27426],
[97.118546,14.615754],
[-29.46639,40.22934],
[-29.46639,40.22934],
[19.825449,60.876038],
[6.481967,87.78885],
[6.0895033,87.814445],
[6.083745,88.20186],
[31.943085,-1.9860607],
[-5.047384,6.2053404],
[-6.33853,10.440308],
[77.24098,-20.403858],
[-60.37503,-67.25883],
[-6.7306705,17.920748],
[-6.3962564,30.201881],
[-93.78621,-11.931129],
[-29.46639,40.22934],
[-29.46639,40.22934],
[26.746214,-65.68826],
[-11.365055,-83.37347],
[-84.058426,24.920004],
[60.471527,63.75452],
[-6.8706536,9.613377],
[-74.25532,-45.449932],
[-29.46639,40.22934],
[5.988182,-79.673584],
[2.801388,-78.9646],
[-5.190236,5.4269304],
[-83.56383,-13.164024],
[-27.306566,-56.487095],
[-72.22496,3.879229],
[-10.139401,-83.96503],
[-38.51889,31.508698],
[2.2040167,93.3849],
[-3.1650589,92.95005],
[-15.8797655,16.509111],
[17.013176,26.913103],
[-15.879732,16.50917],
[-67.95225,-14.132274],
[-12.001692,-85.38657],
[-43.680027,-58.0499],
[-34.41578,-29.785837],
[16.449095,26.791193],
[-8.57789,6.3299556],
[-58.95294,56.663036],
[-22.720985,-35.11531],
[9.035865,100.610634],
[-7.7793403,4.7991004],
[6.3943267,-78.174034],
[-74.66128,6.860235],
[-38.51889,31.508698],
[-38.51889,31.508698],
[9.035865,100.610634],
[9.488102,100.31317],
[8.996455,100.15415],
[-38.24978,31.69969],
[16.449095,26.791193],
[8.996455,100.15415],
[-38.24978,31.69969],
[-15.879737,16.509186],
[9.4882345,100.367615],
